#pick_direction(0,10)
#datacreate() called:
#receptornum= 10
#recepsurface_ratio= 10
#particlenum= 10
#sourcenum= 5
#random_yn= 0
#diffusionnum= 3
#diffusionexact= -1
#distancenum= 3
#maxdistance= 10
#distanceexact= -1
#radiusnum= 3
#maxradius= 1
#radiusexact= -1
#ratenum= 2
#maxrate= 1
#rateexact= -1
#receptor_seed= 1
#initial_source_seed=1
0.00 0.00 0.00 1.00 0.00 1.00 0.00 2.00 0.00 1.00 0.00
0.00 0.00 0.00 1.00 3.00 2.00 0.00 1.00 0.00 0.00 0.00
0.00 0.00 0.00 0.00 0.00 3.00 1.00 0.00 0.00 0.00 1.00
0.00 1.00 0.00 1.00 1.00 0.00 0.00 0.00 1.00 1.00 0.00
0.00 1.00 1.00 1.00 0.00 1.00 1.00 3.00 0.00 0.00 0.00
0.00 0.00 0.00 0.00 0.00 0.00 0.00 1.00 0.00 0.00 1.00
1.00 0.00 0.00 0.00 0.00 0.00 1.00 1.00 0.00 0.00 0.00
0.00 0.00 0.00 0.00 0.00 2.00 1.00 0.00 0.00 0.00 1.00
0.00 0.00 0.00 1.00 3.00 1.00 2.00 3.00 0.00 0.00 0.00
1.00 0.00 1.00 0.00 0.00 0.00 0.00 0.00 1.00 0.00 0.00
0.00 1.00 0.00 0.00 0.00 2.00 1.00 1.00 0.00 0.00 0.00
0.00 0.00 0.00 1.00 1.00 1.00 1.00 1.00 0.00 0.00 0.00
0.00 1.00 0.00 0.00 1.00 2.00 1.00 0.00 0.00 0.00 0.00
1.00 1.00 0.00 0.00 1.00 2.00 2.00 0.00 0.00 0.00 1.00
1.00 2.00 0.00 0.00 1.00 0.00 0.00 2.00 1.00 0.00 0.00
0.00 0.00 1.00 2.00 3.00 3.00 1.00 1.00 0.00 0.00 0.00
1.00 1.00 1.00 0.00 1.00 1.00 0.00 0.00 0.00 0.00 0.00
0.00 0.00 1.00 2.00 1.00 2.00 0.00 1.00 0.00 0.00 0.00
1.00 0.00 1.00 1.00 0.00 1.00 1.00 0.00 0.00 0.00 0.00
0.00 0.00 0.00 2.00 0.00 0.00 2.00 1.00 0.00 0.00 0.00
1.00 1.00 0.00 2.00 1.00 2.00 1.00 1.00 0.00 0.00 0.00
0.00 1.00 0.00 0.00 1.00 3.00 2.00 1.00 0.00 1.00 2.00
0.00 0.00 0.00 0.00 1.00 0.00 0.00 0.00 1.00 1.00 0.00
0.00 1.00 0.00 0.00 0.00 0.00 1.00 0.00 0.00 0.00 1.00
0.00 0.00 1.00 2.00 2.00 0.00 0.00 2.00 1.00 0.00 0.00
2.00 0.00 1.00 1.00 0.00 1.00 0.00 1.00 0.00 0.00 0.00
0.00 0.00 1.00 3.00 1.00 1.00 1.00 2.00 1.00 0.00 0.00
0.00 0.00 0.00 0.00 1.00 0.00 1.00 0.00 1.00 0.00 0.00
0.00 1.00 0.00 0.00 0.00 1.00 1.00 1.00 0.00 0.00 1.00
0.00 1.00 0.00 2.00 1.00 1.00 2.00 0.00 0.00 1.00 0.00
1.00 0.00 0.00 1.00 0.00 1.00 2.00 0.00 0.00 0.00 0.00
0.00 1.00 0.00 3.00 2.00 0.00 0.00 1.00 2.00 0.00 0.00
0.00 0.00 0.00 1.00 2.00 1.00 2.00 1.00 1.00 1.00 0.00
1.00 0.00 0.00 2.00 3.00 0.00 1.00 1.00 0.00 1.00 0.00
1.00 0.00 0.00 0.00 3.00 2.00 1.00 1.00 0.00 0.00 1.00
0.00 0.00 0.00 2.00 1.00 0.00 0.00 1.00 0.00 0.00 1.00
0.00 0.00 0.00 1.00 1.00 0.00 1.00 6.00 0.00 1.00 0.00
0.00 0.00 0.00 1.00 0.00 0.00 1.00 1.00 0.00 2.00 0.00
0.00 0.00 1.00 2.00 0.00 0.00 0.00 1.00 0.00 0.00 0.00
1.00 2.00 0.00 0.00 0.00 1.00 1.00 0.00 0.00 0.00 1.00
0.00 0.00 0.00 2.00 0.00 1.00 1.00 1.00 1.00 0.00 0.00
1.00 1.00 0.00 0.00 2.00 2.00 1.00 0.00 0.00 0.00 0.00
0.00 0.00 0.00 0.00 1.00 0.00 1.00 3.00 0.00 2.00 0.00
0.00 3.00 1.00 0.00 0.00 0.00 0.00 0.00 0.00 0.00 0.00
0.00 0.00 0.00 0.00 0.00 3.00 1.00 0.00 2.00 1.00 0.00
1.00 0.00 0.00 1.00 1.00 1.00 0.00 0.00 0.00 0.00 0.00
0.00 0.00 1.00 0.00 0.00 0.00 0.00 0.00 0.00 0.00 1.00
0.00 0.00 0.00 1.00 1.00 1.00 3.00 2.00 0.00 0.00 0.00
0.00 0.00 0.00 1.00 0.00 0.00 2.00 0.00 0.00 1.00 0.00
0.00 0.00 0.00 2.00 1.00 1.00 2.00 2.00 0.00 0.00 0.00
0.00 0.00 0.00 1.00 2.00 1.00 0.00 0.00 1.00 1.00 0.00
0.00 1.00 0.00 1.00 0.00 0.00 0.00 2.00 0.00 1.00 1.00
0.00 0.00 1.00 0.00 1.00 1.00 0.00 0.00 1.00 0.00 0.00
0.00 0.00 0.00 2.00 1.00 0.00 2.00 0.00 0.00 0.00 1.00
0.00 0.00 0.00 1.00 2.00 1.00 1.00 1.00 0.00 0.00 0.00
0.00 0.00 1.00 3.00 0.00 0.00 0.00 2.00 0.00 0.00 1.00
0.00 1.00 0.00 2.00 1.00 0.00 1.00 1.00 0.00 0.00 0.00
1.00 0.00 0.00 0.00 0.00 0.00 2.00 0.00 0.00 1.00 0.00
0.00 0.00 0.00 2.00 0.00 0.00 1.00 1.00 0.00 0.00 0.00
0.00 0.00 2.00 0.00 0.00 0.00 0.00 1.00 0.00 0.00 1.00
0.00 0.00 1.00 0.00 1.00 0.00 0.00 1.00 0.00 0.00 1.00
0.00 1.00 0.00 0.00 0.00 0.00 0.00 1.00 0.00 1.00 0.00
1.00 0.00 0.00 0.00 1.00 1.00 2.00 0.00 1.00 0.00 0.00
0.00 0.00 0.00 1.00 0.00 1.00 1.00 0.00 1.00 2.00 0.00
1.00 0.00 1.00 1.00 0.00 1.00 0.00 1.00 1.00 0.00 1.00
1.00 0.00 0.00 2.00 1.00 2.00 1.00 1.00 0.00 0.00 1.00
0.00 0.00 0.00 1.00 1.00 1.00 1.00 2.00 0.00 1.00 0.00
1.00 1.00 1.00 0.00 1.00 1.00 2.00 1.00 0.00 1.00 0.00
0.00 0.00 0.00 1.00 0.00 0.00 1.00 1.00 1.00 0.00 0.00
0.00 0.00 0.00 3.00 1.00 1.00 1.00 0.00 0.00 0.00 0.00
0.00 2.00 0.00 0.00 1.00 1.00 0.00 1.00 0.00 0.00 0.00
0.00 0.00 0.00 1.00 3.00 2.00 1.00 2.00 1.00 0.00 0.00
0.00 0.00 1.00 2.00 3.00 1.00 0.00 2.00 0.00 1.00 0.00
2.00 0.00 0.00 1.00 0.00 1.00 1.00 1.00 0.00 2.00 0.00
0.00 0.00 1.00 0.00 4.00 2.00 0.00 0.00 0.00 0.00 0.00
0.00 1.00 0.00 1.00 1.00 0.00 0.00 0.00 0.00 0.00 0.00
0.00 0.00 0.00 1.00 1.00 1.00 0.00 1.00 0.00 0.00 0.00
0.00 0.00 1.00 1.00 0.00 1.00 0.00 0.00 1.00 1.00 1.00
0.00 0.00 1.00 1.00 0.00 1.00 1.00 1.00 1.00 0.00 0.00
0.00 1.00 1.00 0.00 1.00 0.00 1.00 0.00 0.00 0.00 1.00
0.00 0.00 0.00 2.00 1.00 0.00 0.00 1.00 1.00 0.00 1.00
0.00 0.00 0.00 0.00 0.00 2.00 1.00 0.00 0.00 1.00 1.00
1.00 0.00 0.00 1.00 0.00 1.00 1.00 1.00 0.00 0.00 1.00
0.00 0.00 0.00 3.00 1.00 0.00 0.00 1.00 0.00 0.00 0.00
0.00 1.00 2.00 1.00 2.00 0.00 0.00 0.00 0.00 0.00 0.00
0.00 0.00 0.00 1.00 1.00 1.00 1.00 0.00 1.00 1.00 0.00
0.00 0.00 1.00 0.00 1.00 0.00 0.00 0.00 0.00 0.00 0.00
0.00 0.00 0.00 1.00 1.00 1.00 0.00 0.00 0.00 2.00 0.00
1.00 0.00 0.00 0.00 1.00 0.00 0.00 1.00 0.00 0.00 0.00
0.00 0.00 0.00 1.00 0.00 0.00 3.00 1.00 1.00 1.00 1.00
0.00 0.00 0.00 1.00 0.00 0.00 1.00 0.00 0.00 0.00 0.00
3.00 0.00 0.00 1.00 1.00 1.00 1.00 1.00 0.00 1.00 0.00
0.00 0.00 0.00 0.00 1.00 1.00 2.00 3.00 0.00 1.00 0.00
0.00 0.00 1.00 0.00 2.00 0.00 1.00 1.00 1.00 0.00 0.00
0.00 0.00 1.00 1.00 1.00 2.00 2.00 1.00 1.00 0.00 0.00
1.00 0.00 0.00 1.00 0.00 0.00 0.00 0.00 1.00 2.00 0.00
0.00 0.00 0.00 0.00 1.00 1.00 1.00 0.00 0.00 0.00 0.00
0.00 1.00 0.00 1.00 0.00 2.00 0.00 1.00 0.00 0.00 0.00
0.00 0.00 1.00 0.00 1.00 3.00 1.00 1.00 0.00 0.00 1.00
0.00 1.00 1.00 0.00 1.00 0.00 0.00 0.00 3.00 0.00 0.00
1.00 0.00 0.00 1.00 1.00 1.00 0.00 0.00 0.00 1.00 1.00
0.00 0.00 1.00 0.00 0.00 0.00 0.00 1.00 1.00 1.00 0.00
0.00 0.00 0.00 2.00 0.00 1.00 0.00 1.00 0.00 0.00 0.00
0.00 0.00 0.00 2.00 0.00 1.00 1.00 1.00 0.00 0.00 1.00
0.00 1.00 0.00 1.00 1.00 0.00 3.00 2.00 0.00 1.00 0.00
1.00 0.00 1.00 0.00 0.00 1.00 2.00 1.00 0.00 2.00 0.00
0.00 0.00 0.00 1.00 2.00 0.00 0.00 0.00 1.00 0.00 0.00
0.00 0.00 0.00 1.00 0.00 1.00 1.00 2.00 0.00 0.00 0.00
1.00 0.00 0.00 0.00 0.00 0.00 2.00 0.00 0.00 0.00 0.00
2.00 0.00 0.00 1.00 1.00 0.00 1.00 0.00 0.00 0.00 0.00
0.00 0.00 0.00 1.00 0.00 1.00 1.00 1.00 0.00 1.00 0.00
1.00 1.00 0.00 1.00 2.00 2.00 0.00 0.00 0.00 0.00 1.00
0.00 0.00 0.00 0.00 0.00 0.00 1.00 2.00 0.00 0.00 0.00
0.00 1.00 0.00 1.00 0.00 0.00 1.00 2.00 0.00 1.00 0.00
0.00 0.00 0.00 2.00 3.00 1.00 0.00 1.00 0.00 0.00 1.00
0.00 0.00 1.00 0.00 0.00 0.00 0.00 1.00 0.00 1.00 1.00
0.00 1.00 0.00 2.00 3.00 1.00 2.00 3.00 0.00 0.00 0.00
1.00 0.00 0.00 1.00 3.00 1.00 3.00 1.00 0.00 0.00 0.00
0.00 0.00 1.00 1.00 1.00 0.00 1.00 2.00 0.00 1.00 0.00
1.00 0.00 1.00 0.00 0.00 0.00 0.00 0.00 0.00 0.00 0.00
0.00 0.00 0.00 0.00 1.00 0.00 2.00 0.00 0.00 0.00 0.00
0.00 1.00 0.00 0.00 0.00 0.00 0.00 1.00 0.00 0.00 0.00
1.00 0.00 0.00 1.00 3.00 2.00 0.00 0.00 0.00 0.00 0.00
2.00 1.00 1.00 1.00 1.00 0.00 0.00 0.00 0.00 0.00 0.00
0.00 1.00 0.00 3.00 0.00 0.00 4.00 3.00 0.00 0.00 0.00
0.00 0.00 1.00 1.00 0.00 0.00 0.00 0.00 0.00 0.00 1.00
1.00 1.00 1.00 0.00 1.00 1.00 2.00 2.00 0.00 1.00 0.00
2.00 0.00 0.00 1.00 0.00 1.00 2.00 0.00 0.00 0.00 0.00
0.00 0.00 1.00 1.00 1.00 1.00 1.00 0.00 0.00 0.00 0.00
0.00 1.00 0.00 1.00 1.00 0.00 2.00 1.00 0.00 0.00 0.00
0.00 0.00 0.00 1.00 0.00 1.00 1.00 1.00 1.00 0.00 0.00
0.00 1.00 0.00 2.00 1.00 1.00 0.00 1.00 0.00 0.00 1.00
0.00 0.00 0.00 1.00 1.00 0.00 2.00 0.00 1.00 0.00 0.00
1.00 0.00 0.00 0.00 0.00 1.00 1.00 0.00 0.00 1.00 0.00
0.00 0.00 0.00 1.00 1.00 0.00 2.00 0.00 1.00 1.00 1.00
0.00 0.00 0.00 0.00 1.00 0.00 3.00 2.00 0.00 0.00 1.00
0.00 0.00 0.00 4.00 1.00 1.00 1.00 1.00 0.00 1.00 0.00
0.00 0.00 0.00 0.00 0.00 1.00 2.00 1.00 0.00 0.00 0.00
0.00 0.00 0.00 1.00 2.00 0.00 0.00 0.00 0.00 0.00 1.00
0.00 0.00 0.00 1.00 2.00 2.00 0.00 1.00 0.00 0.00 1.00
0.00 1.00 0.00 0.00 1.00 1.00 0.00 0.00 1.00 1.00 0.00
0.00 0.00 0.00 1.00 1.00 0.00 1.00 0.00 0.00 0.00 0.00
0.00 1.00 0.00 2.00 0.00 0.00 0.00 2.00 0.00 0.00 0.00
0.00 1.00 0.00 0.00 0.00 0.00 1.00 0.00 0.00 0.00 1.00
0.00 0.00 0.00 2.00 1.00 0.00 0.00 0.00 1.00 0.00 0.00
0.00 0.00 0.00 1.00 1.00 0.00 2.00 2.00 0.00 0.00 0.00
0.00 0.00 0.00 0.00 2.00 2.00 0.00 1.00 0.00 0.00 2.00
0.00 0.00 0.00 0.00 2.00 2.00 2.00 1.00 1.00 1.00 0.00
0.00 0.00 0.00 1.00 1.00 1.00 1.00 1.00 0.00 0.00 0.00
0.00 0.00 1.00 0.00 2.00 2.00 1.00 0.00 0.00 0.00 0.00
0.00 1.00 0.00 1.00 1.00 2.00 1.00 2.00 0.00 1.00 0.00
0.00 1.00 1.00 1.00 2.00 4.00 1.00 1.00 0.00 0.00 0.00
1.00 0.00 0.00 1.00 2.00 2.00 0.00 0.00 0.00 2.00 0.00
0.00 1.00 1.00 3.00 1.00 0.00 1.00 2.00 0.00 0.00 0.00
0.00 1.00 1.00 1.00 0.00 0.00 0.00 2.00 0.00 0.00 1.00
1.00 1.00 2.00 0.00 0.00 1.00 1.00 2.00 0.00 0.00 0.00
0.00 0.00 0.00 2.00 3.00 2.00 2.00 2.00 0.00 0.00 0.00
0.00 0.00 1.00 1.00 1.00 1.00 0.00 1.00 0.00 1.00 1.00
1.00 0.00 1.00 1.00 1.00 0.00 0.00 0.00 0.00 0.00 0.00
0.00 0.00 0.00 0.00 2.00 1.00 1.00 2.00 0.00 1.00 0.00
0.00 0.00 0.00 1.00 1.00 0.00 2.00 1.00 0.00 1.00 0.00
1.00 0.00 0.00 2.00 0.00 1.00 0.00 0.00 1.00 0.00 0.00
1.00 0.00 1.00 0.00 1.00 1.00 3.00 0.00 0.00 0.00 0.00
0.00 0.00 1.00 2.00 1.00 1.00 1.00 0.00 0.00 0.00 0.00
0.00 0.00 1.00 0.00 2.00 1.00 1.00 0.00 0.00 0.00 0.00
0.00 0.00 0.00 1.00 0.00 3.00 0.00 0.00 0.00 0.00 0.00
1.00 1.00 1.00 0.00 0.00 0.00 2.00 0.00 0.00 1.00 1.00
1.00 0.00 0.00 0.00 0.00 1.00 2.00 1.00 0.00 0.00 1.00
0.00 0.00 0.00 1.00 1.00 2.00 1.00 0.00 1.00 0.00 0.00
0.00 0.00 1.00 0.00 2.00 4.00 1.00 0.00 0.00 0.00 0.00
0.00 0.00 0.00 1.00 0.00 2.00 1.00 1.00 0.00 1.00 0.00
0.00 0.00 1.00 3.00 2.00 0.00 1.00 2.00 0.00 0.00 0.00
0.00 1.00 0.00 1.00 2.00 0.00 0.00 0.00 0.00 0.00 2.00
0.00 1.00 1.00 1.00 1.00 0.00 0.00 0.00 0.00 0.00 0.00
0.00 0.00 0.00 0.00 2.00 1.00 1.00 1.00 0.00 0.00 0.00
0.00 0.00 1.00 1.00 1.00 2.00 0.00 0.00 0.00 1.00 0.00
0.00 2.00 0.00 2.00 1.00 1.00 0.00 1.00 0.00 0.00 0.00
0.00 0.00 0.00 0.00 0.00 3.00 2.00 0.00 1.00 0.00 0.00
0.00 0.00 0.00 0.00 1.00 3.00 1.00 0.00 0.00 0.00 0.00
0.00 0.00 0.00 0.00 2.00 1.00 0.00 0.00 0.00 1.00 0.00
0.00 0.00 0.00 0.00 0.00 0.00 0.00 0.00 0.00 0.00 0.00
0.00 0.00 0.00 0.00 2.00 2.00 0.00 1.00 0.00 0.00 0.00
0.00 0.00 0.00 1.00 1.00 1.00 2.00 2.00 1.00 1.00 0.00
0.00 0.00 0.00 0.00 2.00 2.00 0.00 0.00 0.00 2.00 1.00
0.00 0.00 0.00 2.00 1.00 0.00 1.00 3.00 0.00 0.00 1.00
1.00 1.00 0.00 1.00 0.00 2.00 1.00 1.00 0.00 0.00 0.00
0.00 0.00 0.00 1.00 1.00 1.00 0.00 2.00 1.00 0.00 1.00
0.00 1.00 1.00 2.00 0.00 0.00 2.00 1.00 0.00 0.00 1.00
0.00 1.00 1.00 0.00 1.00 2.00 1.00 1.00 0.00 0.00 0.00
0.00 0.00 0.00 0.00 0.00 2.00 1.00 1.00 0.00 0.00 1.00
0.00 0.00 0.00 2.00 1.00 2.00 4.00 1.00 1.00 0.00 0.00
0.00 0.00 0.00 0.00 1.00 0.00 0.00 1.00 0.00 0.00 0.00
1.00 1.00 1.00 1.00 0.00 1.00 1.00 0.00 0.00 0.00 0.00
0.00 0.00 1.00 1.00 1.00 0.00 0.00 1.00 0.00 0.00 1.00
1.00 0.00 1.00 0.00 2.00 3.00 1.00 0.00 0.00 0.00 0.00
0.00 0.00 1.00 2.00 2.00 0.00 2.00 1.00 0.00 1.00 0.00
0.00 0.00 0.00 2.00 0.00 1.00 2.00 2.00 0.00 0.00 0.00
0.00 2.00 0.00 0.00 0.00 0.00 0.00 1.00 0.00 0.00 1.00
2.00 0.00 1.00 1.00 1.00 0.00 0.00 0.00 0.00 0.00 0.00
0.00 0.00 0.00 2.00 2.00 0.00 2.00 1.00 0.00 0.00 0.00
0.00 0.00 2.00 0.00 1.00 2.00 1.00 0.00 0.00 0.00 1.00
0.00 0.00 2.00 0.00 0.00 0.00 0.00 0.00 0.00 0.00 1.00
0.00 0.00 1.00 2.00 1.00 0.00 2.00 2.00 0.00 0.00 2.00
1.00 0.00 0.00 1.00 1.00 1.00 0.00 1.00 0.00 1.00 1.00
0.00 1.00 0.00 0.00 0.00 1.00 1.00 0.00 0.00 1.00 0.00
1.00 0.00 0.00 0.00 0.00 0.00 1.00 0.00 0.00 0.00 1.00
0.00 1.00 0.00 1.00 2.00 0.00 1.00 0.00 0.00 0.00 0.00
1.00 2.00 0.00 0.00 1.00 0.00 0.00 1.00 0.00 0.00 0.00
0.00 0.00 1.00 1.00 0.00 1.00 1.00 0.00 1.00 0.00 0.00
0.00 0.00 1.00 1.00 0.00 0.00 1.00 2.00 0.00 0.00 0.00
0.00 1.00 1.00 0.00 0.00 2.00 5.00 0.00 0.00 1.00 0.00
0.00 2.00 0.00 1.00 2.00 1.00 0.00 1.00 1.00 1.00 0.00
0.00 0.00 2.00 1.00 1.00 0.00 1.00 0.00 0.00 1.00 0.00
2.00 0.00 0.00 0.00 2.00 2.00 1.00 0.00 0.00 0.00 0.00
0.00 0.00 0.00 2.00 2.00 0.00 0.00 1.00 2.00 0.00 0.00
1.00 1.00 0.00 0.00 1.00 0.00 2.00 0.00 0.00 0.00 0.00
0.00 0.00 0.00 1.00 0.00 2.00 1.00 2.00 0.00 0.00 0.00
0.00 0.00 0.00 0.00 3.00 2.00 1.00 0.00 0.00 0.00 0.00
0.00 0.00 0.00 1.00 2.00 1.00 1.00 1.00 0.00 0.00 1.00
0.00 2.00 1.00 0.00 1.00 1.00 1.00 0.00 0.00 0.00 1.00
1.00 1.00 0.00 0.00 1.00 1.00 1.00 0.00 0.00 1.00 0.00
2.00 0.00 0.00 0.00 1.00 0.00 2.00 1.00 0.00 0.00 0.00
3.00 0.00 1.00 2.00 1.00 0.00 0.00 1.00 0.00 0.00 0.00
0.00 0.00 0.00 2.00 2.00 0.00 1.00 1.00 0.00 1.00 0.00
1.00 0.00 0.00 1.00 1.00 0.00 0.00 2.00 0.00 0.00 1.00
0.00 0.00 0.00 2.00 1.00 3.00 2.00 1.00 0.00 0.00 0.00
2.00 0.00 0.00 0.00 0.00 0.00 2.00 2.00 0.00 1.00 2.00
0.00 0.00 0.00 0.00 2.00 4.00 1.00 0.00 0.00 0.00 0.00
0.00 1.00 0.00 0.00 2.00 1.00 1.00 0.00 1.00 0.00 0.00
0.00 1.00 0.00 2.00 2.00 2.00 0.00 2.00 0.00 0.00 0.00
0.00 0.00 0.00 0.00 1.00 2.00 0.00 2.00 1.00 1.00 0.00
1.00 0.00 0.00 1.00 2.00 1.00 2.00 0.00 1.00 0.00 1.00
0.00 0.00 1.00 0.00 0.00 2.00 2.00 1.00 0.00 1.00 0.00
0.00 0.00 1.00 0.00 1.00 2.00 1.00 0.00 0.00 0.00 0.00
0.00 0.00 0.00 0.00 0.00 1.00 0.00 0.00 0.00 0.00 1.00
1.00 1.00 0.00 1.00 0.00 0.00 0.00 0.00 1.00 0.00 0.00
0.00 0.00 0.00 2.00 3.00 0.00 0.00 2.00 0.00 0.00 0.00
0.00 0.00 1.00 2.00 0.00 2.00 0.00 1.00 1.00 1.00 0.00
0.00 0.00 0.00 2.00 0.00 1.00 1.00 1.00 0.00 0.00 0.00
0.00 0.00 0.00 2.00 1.00 0.00 0.00 0.00 0.00 1.00 1.00
0.00 0.00 0.00 0.00 0.00 1.00 1.00 0.00 1.00 0.00 0.00
1.00 0.00 0.00 1.00 1.00 0.00 0.00 0.00 0.00 0.00 1.00
0.00 0.00 0.00 0.00 1.00 1.00 0.00 0.00 0.00 0.00 0.00
0.00 0.00 0.00 1.00 1.00 1.00 1.00 3.00 2.00 0.00 0.00
0.00 0.00 0.00 0.00 3.00 1.00 0.00 0.00 0.00 0.00 0.00
0.00 0.00 1.00 3.00 2.00 1.00 1.00 0.00 1.00 0.00 0.00
0.00 0.00 0.00 1.00 1.00 2.00 1.00 1.00 0.00 1.00 0.00
0.00 0.00 0.00 0.00 1.00 0.00 2.00 3.00 0.00 0.00 0.00
0.00 0.00 0.00 1.00 0.00 0.00 0.00 0.00 0.00 1.00 0.00
0.00 0.00 2.00 0.00 0.00 3.00 3.00 0.00 0.00 0.00 0.00
0.00 1.00 0.00 0.00 2.00 0.00 1.00 1.00 0.00 0.00 1.00
0.00 0.00 0.00 1.00 0.00 1.00 1.00 2.00 0.00 2.00 0.00
0.00 1.00 1.00 1.00 0.00 1.00 0.00 0.00 0.00 0.00 0.00
0.00 0.00 0.00 0.00 0.00 3.00 1.00 2.00 0.00 0.00 0.00
0.00 0.00 0.00 1.00 1.00 1.00 0.00 0.00 0.00 0.00 0.00
1.00 1.00 0.00 0.00 1.00 1.00 1.00 1.00 0.00 1.00 0.00
0.00 0.00 0.00 1.00 0.00 1.00 0.00 5.00 0.00 0.00 1.00
2.00 0.00 0.00 0.00 0.00 2.00 1.00 0.00 0.00 0.00 1.00
0.00 1.00 0.00 0.00 0.00 0.00 0.00 0.00 0.00 0.00 0.00
0.00 0.00 2.00 0.00 0.00 1.00 0.00 3.00 0.00 1.00 0.00
1.00 0.00 0.00 1.00 1.00 0.00 0.00 1.00 0.00 0.00 0.00
0.00 0.00 0.00 2.00 1.00 1.00 0.00 3.00 0.00 1.00 1.00
0.00 0.00 0.00 0.00 2.00 0.00 1.00 1.00 0.00 1.00 0.00
0.00 0.00 0.00 0.00 0.00 2.00 0.00 0.00 0.00 1.00 0.00
0.00 0.00 0.00 1.00 1.00 1.00 1.00 0.00 1.00 0.00 2.00
0.00 0.00 0.00 0.00 1.00 0.00 1.00 0.00 1.00 0.00 0.00
0.00 0.00 0.00 1.00 0.00 1.00 1.00 2.00 0.00 0.00 0.00
0.00 0.00 0.00 3.00 0.00 0.00 0.00 1.00 0.00 1.00 0.00
1.00 1.00 0.00 1.00 0.00 0.00 0.00 1.00 0.00 0.00 0.00
0.00 0.00 0.00 1.00 1.00 2.00 1.00 1.00 0.00 0.00 1.00
