#pick_direction(0,10)
#datacreate() called:
#receptornum= 10
#recepsurface_ratio= 10
#particlenum= 90
#sourcenum= 10
#sourceexact=
#random_yn= 0
#diffusionnum= 5
#diffusionexact= 1
#distancenum= 5
#maxdistance= 10
#distanceexact= 3
#radiusnum= 5
#maxradius= 1
#radiusexact= 1
#ratenum= 5
#maxrate= 1
#rateexact= 1
#receptor_seed= 1
#initial_source_seed=1
#particle_seed= 100
6.00 1.00 2.00 3.00 1.00 2.00 0.00 2.00 1.00 1.00 0.00
5.00 2.00 11.00 1.00 2.00 1.00 2.00 0.00 2.00 0.00 1.00
2.00 1.00 0.00 11.00 3.00 0.00 0.00 0.00 0.00 1.00 1.00
2.00 2.00 1.00 3.00 7.00 3.00 1.00 0.00 3.00 0.00 0.00
1.00 3.00 3.00 0.00 3.00 8.00 2.00 0.00 2.00 5.00 1.00
0.00 1.00 5.00 1.00 0.00 1.00 7.00 2.00 0.00 1.00 0.00
1.00 0.00 3.00 0.00 0.00 1.00 1.00 6.00 0.00 2.00 2.00
1.00 1.00 0.00 5.00 4.00 3.00 1.00 0.00 7.00 2.00 2.00
0.00 1.00 1.00 3.00 0.00 1.00 3.00 1.00 3.00 10.00 2.00
0.00 0.00 0.00 0.00 0.00 0.00 0.00 0.00 0.00 0.00 0.00
6.00 0.00 2.00 2.00 5.00 0.00 2.00 2.00 3.00 1.00 0.00
4.00 6.00 2.00 0.00 0.00 1.00 3.00 1.00 2.00 0.00 0.00
3.00 0.00 3.00 6.00 3.00 0.00 0.00 1.00 3.00 0.00 2.00
1.00 3.00 3.00 1.00 6.00 3.00 3.00 1.00 6.00 5.00 0.00
0.00 6.00 1.00 1.00 5.00 4.00 1.00 2.00 1.00 2.00 0.00
2.00 1.00 2.00 1.00 3.00 3.00 7.00 0.00 1.00 1.00 0.00
1.00 1.00 4.00 1.00 1.00 1.00 5.00 6.00 1.00 1.00 1.00
3.00 0.00 0.00 2.00 2.00 0.00 1.00 0.00 7.00 4.00 4.00
1.00 2.00 1.00 0.00 2.00 3.00 1.00 0.00 2.00 4.00 2.00
0.00 0.00 0.00 0.00 0.00 0.00 0.00 0.00 0.00 0.00 0.00
8.00 2.00 5.00 2.00 0.00 0.00 4.00 4.00 0.00 1.00 1.00
6.00 2.00 6.00 4.00 0.00 2.00 6.00 2.00 1.00 1.00 0.00
0.00 1.00 1.00 7.00 1.00 1.00 1.00 1.00 3.00 0.00 0.00
2.00 0.00 0.00 1.00 11.00 2.00 1.00 0.00 3.00 1.00 0.00
3.00 7.00 5.00 0.00 1.00 5.00 3.00 0.00 0.00 2.00 2.00
2.00 1.00 1.00 0.00 0.00 0.00 3.00 4.00 0.00 1.00 5.00
1.00 1.00 2.00 3.00 0.00 2.00 2.00 8.00 1.00 0.00 5.00
2.00 2.00 3.00 2.00 1.00 1.00 2.00 1.00 8.00 4.00 4.00
1.00 2.00 1.00 1.00 0.00 2.00 5.00 1.00 3.00 7.00 2.00
0.00 0.00 0.00 0.00 0.00 0.00 0.00 0.00 0.00 0.00 0.00
5.00 3.00 4.00 5.00 1.00 0.00 3.00 2.00 1.00 0.00 0.00
6.00 7.00 4.00 1.00 2.00 2.00 2.00 2.00 1.00 0.00 1.00
2.00 1.00 1.00 8.00 0.00 1.00 2.00 1.00 6.00 2.00 2.00
1.00 5.00 2.00 4.00 10.00 3.00 0.00 0.00 2.00 3.00 0.00
2.00 3.00 1.00 0.00 3.00 6.00 1.00 0.00 1.00 5.00 0.00
0.00 1.00 4.00 0.00 0.00 2.00 6.00 3.00 1.00 0.00 3.00
0.00 2.00 3.00 4.00 3.00 0.00 3.00 6.00 3.00 1.00 1.00
2.00 1.00 1.00 4.00 3.00 2.00 0.00 1.00 6.00 1.00 3.00
0.00 0.00 1.00 1.00 1.00 2.00 1.00 4.00 3.00 8.00 8.00
0.00 0.00 0.00 0.00 0.00 0.00 0.00 0.00 0.00 0.00 0.00
4.00 4.00 4.00 2.00 3.00 1.00 1.00 2.00 1.00 1.00 2.00
3.00 9.00 3.00 1.00 3.00 1.00 5.00 1.00 0.00 1.00 2.00
5.00 0.00 1.00 3.00 4.00 1.00 2.00 3.00 2.00 1.00 1.00
2.00 4.00 2.00 3.00 3.00 0.00 0.00 0.00 2.00 1.00 0.00
1.00 1.00 2.00 0.00 2.00 7.00 2.00 0.00 1.00 4.00 4.00
1.00 1.00 3.00 2.00 0.00 3.00 6.00 3.00 2.00 2.00 2.00
1.00 2.00 3.00 0.00 0.00 0.00 3.00 2.00 3.00 1.00 1.00
0.00 2.00 0.00 4.00 3.00 1.00 1.00 2.00 5.00 2.00 6.00
0.00 2.00 1.00 2.00 1.00 5.00 0.00 1.00 3.00 6.00 7.00
0.00 0.00 0.00 0.00 0.00 0.00 0.00 0.00 0.00 0.00 0.00
4.00 2.00 7.00 3.00 4.00 2.00 2.00 3.00 1.00 1.00 2.00
2.00 4.00 3.00 2.00 3.00 3.00 1.00 1.00 0.00 1.00 1.00
3.00 0.00 2.00 5.00 1.00 0.00 2.00 3.00 0.00 1.00 2.00
1.00 5.00 0.00 5.00 6.00 1.00 2.00 0.00 3.00 3.00 1.00
1.00 1.00 0.00 2.00 3.00 10.00 2.00 2.00 1.00 3.00 2.00
1.00 4.00 1.00 2.00 0.00 3.00 8.00 3.00 1.00 3.00 5.00
1.00 0.00 2.00 4.00 1.00 2.00 2.00 7.00 0.00 3.00 4.00
2.00 1.00 1.00 6.00 0.00 2.00 1.00 0.00 8.00 3.00 1.00
0.00 0.00 0.00 0.00 1.00 3.00 8.00 2.00 4.00 8.00 6.00
0.00 0.00 0.00 0.00 0.00 0.00 0.00 0.00 0.00 0.00 0.00
11.00 2.00 4.00 2.00 3.00 1.00 3.00 1.00 4.00 1.00 0.00
5.00 5.00 3.00 1.00 3.00 2.00 3.00 2.00 0.00 2.00 0.00
3.00 3.00 1.00 6.00 4.00 0.00 0.00 1.00 3.00 1.00 3.00
0.00 0.00 1.00 0.00 10.00 3.00 2.00 2.00 3.00 1.00 2.00
5.00 3.00 1.00 1.00 2.00 8.00 4.00 0.00 3.00 1.00 0.00
0.00 0.00 2.00 3.00 0.00 4.00 3.00 2.00 1.00 1.00 4.00
3.00 0.00 3.00 1.00 0.00 1.00 1.00 11.00 3.00 0.00 1.00
1.00 0.00 0.00 3.00 6.00 2.00 1.00 3.00 7.00 2.00 3.00
0.00 0.00 1.00 0.00 2.00 0.00 2.00 2.00 4.00 6.00 1.00
0.00 0.00 0.00 0.00 0.00 0.00 0.00 0.00 0.00 0.00 0.00
3.00 7.00 4.00 0.00 3.00 1.00 3.00 1.00 2.00 0.00 0.00
9.00 3.00 2.00 0.00 1.00 5.00 3.00 1.00 1.00 1.00 1.00
2.00 2.00 2.00 4.00 3.00 0.00 0.00 5.00 1.00 4.00 1.00
1.00 1.00 2.00 3.00 8.00 4.00 1.00 0.00 3.00 1.00 0.00
1.00 5.00 1.00 1.00 2.00 4.00 2.00 0.00 1.00 1.00 1.00
0.00 4.00 3.00 4.00 0.00 2.00 4.00 2.00 1.00 2.00 4.00
2.00 0.00 1.00 2.00 0.00 2.00 2.00 5.00 1.00 1.00 5.00
1.00 0.00 1.00 1.00 0.00 2.00 3.00 1.00 4.00 5.00 5.00
0.00 1.00 0.00 3.00 1.00 1.00 3.00 2.00 8.00 6.00 6.00
0.00 0.00 0.00 0.00 0.00 0.00 0.00 0.00 0.00 0.00 0.00
9.00 2.00 6.00 0.00 4.00 0.00 2.00 2.00 1.00 3.00 0.00
2.00 2.00 8.00 1.00 0.00 2.00 5.00 3.00 0.00 0.00 1.00
2.00 0.00 2.00 9.00 0.00 3.00 0.00 3.00 1.00 4.00 1.00
1.00 2.00 1.00 3.00 4.00 0.00 0.00 1.00 5.00 1.00 2.00
0.00 0.00 3.00 2.00 1.00 5.00 0.00 2.00 1.00 4.00 1.00
2.00 1.00 2.00 1.00 0.00 1.00 8.00 2.00 2.00 3.00 2.00
1.00 1.00 2.00 3.00 0.00 0.00 3.00 10.00 2.00 0.00 1.00
0.00 1.00 0.00 2.00 1.00 0.00 2.00 2.00 4.00 3.00 4.00
2.00 0.00 0.00 2.00 2.00 0.00 0.00 0.00 3.00 6.00 7.00
0.00 0.00 0.00 0.00 0.00 0.00 0.00 0.00 0.00 0.00 0.00
2.00 3.00 4.00 2.00 3.00 2.00 2.00 1.00 0.00 2.00 0.00
2.00 8.00 7.00 1.00 2.00 0.00 4.00 1.00 0.00 0.00 2.00
4.00 1.00 0.00 8.00 1.00 1.00 1.00 2.00 3.00 1.00 3.00
1.00 3.00 1.00 2.00 10.00 4.00 1.00 1.00 0.00 2.00 1.00
0.00 3.00 2.00 0.00 1.00 3.00 4.00 0.00 1.00 3.00 1.00
1.00 0.00 1.00 1.00 2.00 0.00 7.00 0.00 1.00 1.00 3.00
4.00 2.00 2.00 2.00 1.00 1.00 1.00 5.00 1.00 0.00 1.00
0.00 2.00 0.00 1.00 3.00 3.00 0.00 2.00 10.00 2.00 8.00
1.00 1.00 0.00 1.00 1.00 3.00 4.00 1.00 8.00 3.00 5.00
0.00 0.00 0.00 0.00 0.00 0.00 0.00 0.00 0.00 0.00 0.00
3.00 7.00 3.00 5.00 0.00 2.00 0.00 1.00 1.00 2.00 0.00
2.00 2.00 11.00 1.00 0.00 2.00 4.00 2.00 1.00 1.00 0.00
2.00 2.00 2.00 13.00 1.00 2.00 0.00 0.00 3.00 2.00 3.00
2.00 3.00 0.00 2.00 2.00 4.00 1.00 1.00 6.00 3.00 2.00
1.00 4.00 3.00 1.00 2.00 8.00 2.00 0.00 0.00 1.00 0.00
0.00 1.00 0.00 0.00 0.00 3.00 11.00 2.00 1.00 1.00 2.00
5.00 0.00 4.00 2.00 0.00 0.00 2.00 6.00 0.00 0.00 1.00
1.00 0.00 1.00 1.00 2.00 0.00 0.00 5.00 8.00 3.00 5.00
1.00 0.00 0.00 1.00 0.00 2.00 1.00 1.00 3.00 4.00 8.00
0.00 0.00 0.00 0.00 0.00 0.00 0.00 0.00 0.00 0.00 0.00
1.00 0.00 4.00 4.00 5.00 0.00 1.00 3.00 2.00 1.00 3.00
6.00 7.00 4.00 0.00 2.00 5.00 3.00 1.00 1.00 0.00 1.00
3.00 1.00 1.00 2.00 3.00 0.00 1.00 2.00 0.00 1.00 2.00
2.00 2.00 0.00 1.00 6.00 4.00 0.00 0.00 2.00 2.00 0.00
2.00 1.00 2.00 0.00 1.00 6.00 3.00 1.00 1.00 2.00 1.00
0.00 2.00 4.00 0.00 1.00 2.00 4.00 4.00 1.00 3.00 3.00
2.00 1.00 2.00 2.00 0.00 1.00 3.00 6.00 6.00 0.00 0.00
1.00 0.00 0.00 3.00 1.00 2.00 1.00 1.00 6.00 3.00 4.00
0.00 0.00 1.00 2.00 0.00 5.00 3.00 3.00 2.00 5.00 7.00
0.00 0.00 0.00 0.00 0.00 0.00 0.00 0.00 0.00 0.00 0.00
5.00 4.00 4.00 3.00 3.00 0.00 2.00 3.00 1.00 0.00 1.00
5.00 4.00 1.00 2.00 2.00 1.00 4.00 4.00 1.00 1.00 0.00
2.00 0.00 0.00 8.00 3.00 1.00 1.00 2.00 1.00 2.00 2.00
1.00 1.00 1.00 1.00 4.00 3.00 0.00 0.00 4.00 0.00 1.00
2.00 3.00 2.00 0.00 1.00 6.00 2.00 0.00 2.00 2.00 1.00
0.00 4.00 1.00 0.00 2.00 4.00 6.00 0.00 1.00 3.00 1.00
2.00 0.00 3.00 3.00 2.00 1.00 4.00 7.00 3.00 1.00 0.00
2.00 0.00 3.00 4.00 0.00 1.00 4.00 1.00 4.00 3.00 3.00
1.00 0.00 0.00 2.00 3.00 3.00 3.00 0.00 3.00 3.00 5.00
0.00 0.00 0.00 0.00 0.00 0.00 0.00 0.00 0.00 0.00 0.00
7.00 1.00 5.00 5.00 2.00 1.00 2.00 3.00 0.00 0.00 3.00
6.00 4.00 4.00 1.00 3.00 2.00 8.00 1.00 0.00 3.00 1.00
2.00 1.00 2.00 7.00 2.00 1.00 0.00 1.00 4.00 5.00 0.00
3.00 1.00 0.00 0.00 7.00 3.00 2.00 2.00 3.00 2.00 0.00
3.00 3.00 2.00 0.00 0.00 5.00 5.00 1.00 1.00 2.00 1.00
1.00 0.00 5.00 2.00 4.00 0.00 6.00 2.00 3.00 0.00 2.00
0.00 2.00 2.00 3.00 1.00 3.00 7.00 9.00 1.00 1.00 4.00
0.00 0.00 3.00 0.00 3.00 2.00 3.00 2.00 11.00 3.00 4.00
1.00 2.00 1.00 1.00 1.00 1.00 0.00 2.00 4.00 4.00 7.00
0.00 0.00 0.00 0.00 0.00 0.00 0.00 0.00 0.00 0.00 0.00
4.00 2.00 2.00 2.00 3.00 3.00 2.00 5.00 0.00 0.00 1.00
2.00 2.00 4.00 1.00 2.00 0.00 3.00 4.00 0.00 1.00 0.00
2.00 1.00 1.00 8.00 1.00 1.00 1.00 2.00 4.00 0.00 1.00
2.00 4.00 1.00 1.00 7.00 2.00 0.00 0.00 1.00 4.00 0.00
1.00 1.00 1.00 1.00 3.00 7.00 2.00 1.00 2.00 5.00 2.00
3.00 1.00 3.00 0.00 1.00 1.00 5.00 2.00 3.00 5.00 5.00
2.00 1.00 2.00 2.00 1.00 2.00 1.00 7.00 3.00 1.00 2.00
2.00 1.00 1.00 4.00 9.00 0.00 0.00 1.00 9.00 6.00 2.00
1.00 1.00 1.00 3.00 0.00 4.00 4.00 4.00 3.00 9.00 4.00
0.00 0.00 0.00 0.00 0.00 0.00 0.00 0.00 0.00 0.00 0.00
5.00 2.00 4.00 2.00 0.00 1.00 1.00 5.00 2.00 1.00 0.00
3.00 6.00 1.00 3.00 0.00 1.00 3.00 5.00 1.00 0.00 0.00
4.00 2.00 0.00 5.00 2.00 0.00 3.00 2.00 2.00 2.00 5.00
3.00 0.00 0.00 4.00 8.00 0.00 2.00 1.00 2.00 2.00 2.00
2.00 5.00 0.00 1.00 2.00 7.00 1.00 3.00 1.00 1.00 0.00
1.00 5.00 1.00 0.00 1.00 3.00 6.00 4.00 0.00 4.00 3.00
1.00 1.00 3.00 4.00 1.00 1.00 6.00 3.00 3.00 1.00 2.00
1.00 1.00 0.00 2.00 4.00 3.00 1.00 5.00 5.00 0.00 6.00
0.00 4.00 0.00 3.00 3.00 2.00 4.00 1.00 2.00 8.00 5.00
0.00 0.00 0.00 0.00 0.00 0.00 0.00 0.00 0.00 0.00 0.00
8.00 0.00 3.00 3.00 3.00 1.00 1.00 2.00 1.00 0.00 0.00
4.00 5.00 7.00 1.00 2.00 2.00 0.00 1.00 1.00 1.00 0.00
7.00 3.00 1.00 7.00 5.00 0.00 0.00 3.00 6.00 1.00 1.00
1.00 2.00 2.00 2.00 9.00 2.00 0.00 0.00 1.00 2.00 2.00
5.00 1.00 2.00 1.00 2.00 7.00 1.00 0.00 4.00 5.00 3.00
1.00 1.00 3.00 1.00 0.00 6.00 8.00 3.00 2.00 2.00 0.00
0.00 2.00 0.00 2.00 0.00 1.00 3.00 10.00 2.00 1.00 3.00
1.00 1.00 2.00 2.00 3.00 1.00 0.00 1.00 7.00 4.00 4.00
1.00 2.00 0.00 1.00 1.00 3.00 1.00 1.00 3.00 7.00 8.00
0.00 0.00 0.00 0.00 0.00 0.00 0.00 0.00 0.00 0.00 0.00
8.00 4.00 10.00 2.00 1.00 0.00 1.00 4.00 2.00 2.00 1.00
6.00 3.00 11.00 0.00 0.00 4.00 1.00 0.00 1.00 1.00 0.00
2.00 0.00 2.00 9.00 1.00 1.00 2.00 2.00 0.00 0.00 0.00
2.00 4.00 0.00 2.00 8.00 1.00 0.00 2.00 2.00 3.00 2.00
4.00 2.00 1.00 1.00 1.00 6.00 1.00 1.00 3.00 1.00 5.00
0.00 1.00 8.00 1.00 2.00 2.00 6.00 2.00 2.00 3.00 3.00
5.00 0.00 7.00 1.00 1.00 1.00 0.00 3.00 2.00 0.00 2.00
0.00 1.00 1.00 4.00 0.00 0.00 1.00 1.00 3.00 3.00 3.00
0.00 1.00 0.00 1.00 0.00 2.00 5.00 1.00 1.00 6.00 4.00
0.00 0.00 0.00 0.00 0.00 0.00 0.00 0.00 0.00 0.00 0.00
12.00 4.00 3.00 3.00 1.00 1.00 1.00 2.00 0.00 0.00 0.00
2.00 4.00 8.00 2.00 4.00 5.00 1.00 1.00 0.00 0.00 1.00
2.00 2.00 1.00 6.00 5.00 1.00 1.00 3.00 0.00 2.00 0.00
0.00 3.00 0.00 2.00 4.00 3.00 2.00 1.00 2.00 4.00 1.00
1.00 2.00 1.00 0.00 1.00 4.00 0.00 2.00 1.00 6.00 0.00
0.00 1.00 5.00 1.00 1.00 1.00 6.00 3.00 0.00 0.00 2.00
2.00 0.00 4.00 1.00 2.00 0.00 2.00 5.00 2.00 0.00 7.00
1.00 2.00 0.00 6.00 2.00 0.00 1.00 1.00 5.00 8.00 6.00
1.00 0.00 0.00 0.00 0.00 3.00 1.00 3.00 0.00 4.00 8.00
0.00 0.00 0.00 0.00 0.00 0.00 0.00 0.00 0.00 0.00 0.00
6.00 6.00 3.00 3.00 4.00 1.00 1.00 1.00 2.00 0.00 1.00
4.00 6.00 7.00 2.00 0.00 3.00 4.00 2.00 0.00 1.00 1.00
3.00 4.00 1.00 4.00 4.00 2.00 1.00 3.00 4.00 1.00 1.00
1.00 1.00 0.00 2.00 8.00 2.00 1.00 2.00 3.00 3.00 2.00
2.00 3.00 2.00 2.00 3.00 8.00 1.00 0.00 1.00 2.00 2.00
0.00 1.00 0.00 0.00 0.00 1.00 9.00 4.00 0.00 2.00 2.00
1.00 1.00 2.00 0.00 2.00 0.00 1.00 11.00 2.00 0.00 6.00
1.00 2.00 0.00 4.00 5.00 2.00 1.00 3.00 8.00 5.00 3.00
2.00 2.00 1.00 0.00 3.00 1.00 2.00 2.00 5.00 7.00 6.00
0.00 0.00 0.00 0.00 0.00 0.00 0.00 0.00 0.00 0.00 0.00
8.00 3.00 6.00 3.00 0.00 1.00 1.00 3.00 1.00 3.00 0.00
3.00 6.00 9.00 0.00 2.00 2.00 3.00 2.00 1.00 0.00 2.00
5.00 2.00 4.00 6.00 3.00 0.00 0.00 1.00 1.00 0.00 0.00
2.00 1.00 0.00 2.00 5.00 1.00 0.00 1.00 0.00 2.00 2.00
1.00 2.00 1.00 1.00 1.00 6.00 4.00 2.00 1.00 1.00 0.00
1.00 3.00 2.00 1.00 1.00 5.00 4.00 4.00 4.00 1.00 0.00
6.00 0.00 4.00 3.00 1.00 0.00 3.00 4.00 1.00 2.00 3.00
1.00 1.00 1.00 1.00 2.00 3.00 1.00 2.00 8.00 4.00 1.00
1.00 1.00 2.00 1.00 2.00 4.00 2.00 2.00 2.00 3.00 5.00
0.00 0.00 0.00 0.00 0.00 0.00 0.00 0.00 0.00 0.00 0.00
6.00 5.00 4.00 3.00 2.00 1.00 2.00 1.00 4.00 0.00 1.00
2.00 4.00 7.00 0.00 2.00 3.00 2.00 2.00 0.00 0.00 2.00
4.00 1.00 0.00 10.00 1.00 0.00 1.00 3.00 1.00 2.00 1.00
2.00 0.00 0.00 3.00 11.00 0.00 0.00 0.00 4.00 2.00 1.00
2.00 2.00 1.00 0.00 4.00 5.00 2.00 1.00 1.00 6.00 0.00
1.00 1.00 3.00 1.00 0.00 0.00 3.00 0.00 1.00 2.00 4.00
1.00 1.00 4.00 0.00 0.00 0.00 4.00 7.00 1.00 2.00 6.00
1.00 0.00 1.00 4.00 1.00 1.00 1.00 1.00 11.00 3.00 4.00
1.00 0.00 1.00 0.00 1.00 1.00 1.00 2.00 4.00 2.00 4.00
0.00 0.00 0.00 0.00 0.00 0.00 0.00 0.00 0.00 0.00 0.00
10.00 3.00 2.00 2.00 3.00 1.00 1.00 4.00 0.00 0.00 1.00
1.00 5.00 7.00 0.00 1.00 7.00 2.00 2.00 1.00 0.00 0.00
3.00 1.00 4.00 8.00 2.00 1.00 0.00 2.00 4.00 1.00 1.00
1.00 3.00 1.00 2.00 8.00 3.00 3.00 2.00 0.00 6.00 2.00
0.00 1.00 1.00 4.00 3.00 6.00 1.00 0.00 3.00 3.00 5.00
0.00 2.00 1.00 1.00 0.00 3.00 8.00 4.00 2.00 1.00 2.00
3.00 2.00 3.00 2.00 0.00 1.00 4.00 7.00 3.00 4.00 1.00
2.00 1.00 1.00 1.00 0.00 0.00 3.00 1.00 8.00 2.00 6.00
0.00 0.00 1.00 2.00 2.00 5.00 2.00 1.00 2.00 4.00 6.00
0.00 0.00 0.00 0.00 0.00 0.00 0.00 0.00 0.00 0.00 0.00
4.00 4.00 5.00 3.00 5.00 1.00 1.00 3.00 1.00 0.00 1.00
2.00 6.00 5.00 2.00 3.00 0.00 3.00 0.00 0.00 3.00 0.00
2.00 2.00 0.00 4.00 1.00 2.00 0.00 1.00 4.00 2.00 1.00
1.00 2.00 0.00 1.00 5.00 5.00 1.00 2.00 1.00 2.00 1.00
1.00 3.00 2.00 1.00 0.00 5.00 4.00 1.00 1.00 4.00 0.00
0.00 2.00 8.00 1.00 0.00 0.00 10.00 3.00 0.00 1.00 6.00
1.00 3.00 2.00 2.00 0.00 0.00 1.00 4.00 0.00 1.00 3.00
0.00 2.00 1.00 0.00 1.00 1.00 0.00 2.00 4.00 2.00 7.00
2.00 2.00 0.00 0.00 1.00 4.00 2.00 3.00 4.00 5.00 3.00
0.00 0.00 0.00 0.00 0.00 0.00 0.00 0.00 0.00 0.00 0.00
5.00 6.00 4.00 1.00 2.00 1.00 1.00 3.00 0.00 2.00 0.00
2.00 5.00 2.00 1.00 1.00 2.00 3.00 0.00 0.00 0.00 1.00
3.00 2.00 0.00 7.00 4.00 1.00 2.00 0.00 2.00 1.00 2.00
3.00 3.00 1.00 4.00 8.00 1.00 0.00 0.00 1.00 1.00 0.00
2.00 3.00 1.00 1.00 2.00 6.00 4.00 2.00 2.00 3.00 2.00
0.00 0.00 8.00 0.00 3.00 1.00 4.00 2.00 2.00 2.00 1.00
1.00 1.00 4.00 3.00 0.00 1.00 3.00 8.00 0.00 1.00 4.00
1.00 0.00 2.00 1.00 1.00 2.00 2.00 0.00 4.00 4.00 4.00
1.00 4.00 0.00 0.00 2.00 4.00 4.00 1.00 4.00 2.00 6.00
0.00 0.00 0.00 0.00 0.00 0.00 0.00 0.00 0.00 0.00 0.00
5.00 6.00 2.00 2.00 4.00 1.00 0.00 2.00 0.00 0.00 0.00
3.00 6.00 3.00 2.00 1.00 3.00 1.00 2.00 0.00 1.00 3.00
2.00 0.00 0.00 11.00 5.00 0.00 2.00 2.00 3.00 0.00 3.00
1.00 4.00 1.00 2.00 6.00 0.00 1.00 1.00 6.00 4.00 2.00
1.00 2.00 3.00 1.00 3.00 2.00 3.00 0.00 0.00 4.00 1.00
1.00 3.00 4.00 0.00 1.00 7.00 9.00 2.00 1.00 1.00 4.00
3.00 0.00 3.00 2.00 0.00 1.00 1.00 7.00 2.00 0.00 1.00
1.00 1.00 2.00 4.00 2.00 1.00 1.00 0.00 10.00 5.00 7.00
0.00 1.00 0.00 0.00 2.00 2.00 0.00 1.00 5.00 10.00 5.00
0.00 0.00 0.00 0.00 0.00 0.00 0.00 0.00 0.00 0.00 0.00
9.00 4.00 4.00 1.00 2.00 1.00 1.00 1.00 0.00 0.00 0.00
1.00 3.00 3.00 3.00 3.00 2.00 2.00 0.00 0.00 1.00 0.00
2.00 0.00 0.00 4.00 2.00 1.00 1.00 3.00 1.00 0.00 2.00
2.00 1.00 1.00 4.00 9.00 1.00 1.00 1.00 0.00 3.00 0.00
0.00 0.00 0.00 2.00 3.00 6.00 3.00 1.00 1.00 3.00 3.00
2.00 0.00 4.00 2.00 0.00 2.00 5.00 2.00 1.00 3.00 2.00
3.00 1.00 1.00 6.00 2.00 0.00 3.00 7.00 4.00 0.00 1.00
1.00 0.00 0.00 2.00 5.00 2.00 2.00 5.00 4.00 1.00 4.00
1.00 1.00 0.00 0.00 3.00 1.00 0.00 3.00 3.00 6.00 3.00
0.00 0.00 0.00 0.00 0.00 0.00 0.00 0.00 0.00 0.00 0.00
12.00 4.00 7.00 4.00 3.00 0.00 1.00 1.00 0.00 1.00 0.00
4.00 3.00 9.00 0.00 2.00 2.00 2.00 1.00 1.00 0.00 2.00
1.00 0.00 0.00 7.00 3.00 0.00 0.00 2.00 2.00 2.00 1.00
0.00 2.00 1.00 3.00 4.00 1.00 0.00 1.00 2.00 2.00 1.00
2.00 3.00 2.00 0.00 3.00 10.00 3.00 1.00 1.00 2.00 1.00
0.00 1.00 2.00 1.00 0.00 4.00 8.00 3.00 1.00 2.00 3.00
3.00 1.00 0.00 1.00 1.00 1.00 3.00 3.00 2.00 1.00 1.00
2.00 0.00 0.00 1.00 3.00 1.00 1.00 2.00 4.00 0.00 5.00
0.00 4.00 2.00 1.00 2.00 2.00 3.00 1.00 0.00 7.00 4.00
0.00 0.00 0.00 0.00 0.00 0.00 0.00 0.00 0.00 0.00 0.00
3.00 3.00 4.00 3.00 1.00 1.00 1.00 2.00 1.00 0.00 1.00
3.00 2.00 5.00 1.00 3.00 2.00 3.00 3.00 0.00 2.00 0.00
1.00 2.00 0.00 5.00 1.00 1.00 2.00 1.00 4.00 3.00 2.00
2.00 1.00 0.00 0.00 6.00 1.00 0.00 1.00 4.00 2.00 2.00
0.00 2.00 3.00 1.00 2.00 10.00 0.00 1.00 3.00 3.00 2.00
1.00 5.00 1.00 2.00 0.00 0.00 4.00 4.00 2.00 0.00 2.00
1.00 0.00 4.00 2.00 1.00 2.00 4.00 6.00 3.00 2.00 1.00
2.00 0.00 2.00 5.00 2.00 0.00 2.00 2.00 8.00 2.00 2.00
3.00 2.00 1.00 1.00 0.00 0.00 4.00 2.00 6.00 4.00 4.00
0.00 0.00 0.00 0.00 0.00 0.00 0.00 0.00 0.00 0.00 0.00
6.00 1.00 5.00 1.00 2.00 2.00 1.00 5.00 2.00 0.00 1.00
4.00 7.00 4.00 0.00 2.00 2.00 3.00 3.00 2.00 1.00 2.00
6.00 0.00 2.00 8.00 1.00 1.00 0.00 0.00 1.00 0.00 2.00
4.00 2.00 1.00 1.00 8.00 5.00 1.00 1.00 2.00 4.00 1.00
1.00 3.00 1.00 0.00 2.00 6.00 3.00 2.00 0.00 5.00 3.00
0.00 2.00 4.00 1.00 0.00 2.00 11.00 2.00 2.00 0.00 3.00
3.00 1.00 5.00 4.00 3.00 1.00 3.00 2.00 1.00 0.00 2.00
0.00 0.00 1.00 1.00 2.00 0.00 0.00 5.00 4.00 3.00 7.00
0.00 2.00 0.00 2.00 1.00 0.00 1.00 2.00 1.00 5.00 4.00
0.00 0.00 0.00 0.00 0.00 0.00 0.00 0.00 0.00 0.00 0.00
3.00 4.00 8.00 2.00 3.00 1.00 2.00 2.00 2.00 0.00 1.00
2.00 2.00 9.00 2.00 0.00 6.00 5.00 0.00 2.00 1.00 2.00
1.00 2.00 3.00 9.00 2.00 0.00 0.00 3.00 3.00 2.00 1.00
1.00 0.00 0.00 0.00 9.00 1.00 1.00 1.00 1.00 1.00 6.00
2.00 4.00 3.00 0.00 4.00 5.00 4.00 0.00 2.00 3.00 1.00
1.00 1.00 5.00 1.00 0.00 2.00 4.00 4.00 1.00 1.00 1.00
2.00 1.00 1.00 2.00 0.00 0.00 0.00 9.00 0.00 0.00 1.00
0.00 2.00 0.00 2.00 2.00 0.00 1.00 4.00 4.00 4.00 5.00
2.00 0.00 0.00 3.00 1.00 1.00 5.00 0.00 4.00 6.00 8.00
0.00 0.00 0.00 0.00 0.00 0.00 0.00 0.00 0.00 0.00 0.00
6.00 6.00 7.00 2.00 1.00 3.00 0.00 3.00 2.00 0.00 1.00
7.00 4.00 6.00 0.00 2.00 1.00 1.00 1.00 1.00 0.00 1.00
6.00 3.00 2.00 6.00 5.00 1.00 0.00 2.00 2.00 1.00 0.00
0.00 5.00 1.00 2.00 12.00 2.00 1.00 0.00 2.00 1.00 2.00
1.00 4.00 1.00 0.00 5.00 10.00 3.00 1.00 1.00 1.00 0.00
1.00 2.00 3.00 1.00 0.00 1.00 3.00 1.00 1.00 1.00 4.00
4.00 2.00 2.00 5.00 2.00 1.00 2.00 4.00 2.00 2.00 2.00
4.00 0.00 1.00 4.00 3.00 0.00 3.00 0.00 13.00 5.00 2.00
0.00 0.00 1.00 2.00 0.00 1.00 3.00 1.00 3.00 4.00 6.00
0.00 0.00 0.00 0.00 0.00 0.00 0.00 0.00 0.00 0.00 0.00
8.00 1.00 2.00 1.00 2.00 0.00 0.00 1.00 2.00 2.00 0.00
3.00 4.00 4.00 0.00 3.00 4.00 2.00 1.00 0.00 1.00 1.00
5.00 2.00 1.00 9.00 2.00 1.00 0.00 4.00 3.00 1.00 4.00
1.00 2.00 0.00 2.00 8.00 2.00 0.00 2.00 3.00 5.00 1.00
1.00 0.00 0.00 1.00 2.00 9.00 2.00 1.00 3.00 4.00 0.00
1.00 0.00 4.00 1.00 0.00 1.00 5.00 5.00 1.00 2.00 3.00
2.00 0.00 5.00 2.00 3.00 1.00 2.00 10.00 2.00 1.00 1.00
1.00 0.00 2.00 3.00 2.00 1.00 1.00 3.00 8.00 0.00 4.00
1.00 1.00 0.00 2.00 1.00 4.00 3.00 1.00 3.00 9.00 9.00
0.00 0.00 0.00 0.00 0.00 0.00 0.00 0.00 0.00 0.00 0.00
12.00 1.00 5.00 4.00 0.00 2.00 0.00 2.00 0.00 1.00 1.00
2.00 6.00 6.00 0.00 1.00 2.00 6.00 2.00 0.00 0.00 2.00
4.00 0.00 2.00 11.00 1.00 0.00 0.00 2.00 1.00 3.00 1.00
4.00 3.00 2.00 2.00 9.00 2.00 3.00 0.00 0.00 2.00 1.00
0.00 1.00 1.00 1.00 5.00 7.00 1.00 1.00 0.00 3.00 0.00
1.00 1.00 1.00 0.00 2.00 3.00 8.00 1.00 1.00 2.00 3.00
4.00 1.00 3.00 1.00 0.00 2.00 3.00 6.00 0.00 1.00 5.00
0.00 0.00 0.00 3.00 0.00 2.00 2.00 1.00 6.00 2.00 4.00
2.00 1.00 0.00 1.00 3.00 3.00 1.00 1.00 4.00 10.00 3.00
0.00 0.00 0.00 0.00 0.00 0.00 0.00 0.00 0.00 0.00 0.00
9.00 2.00 5.00 7.00 2.00 0.00 0.00 2.00 1.00 1.00 1.00
3.00 9.00 11.00 0.00 4.00 2.00 4.00 1.00 0.00 1.00 0.00
5.00 1.00 2.00 9.00 0.00 2.00 1.00 1.00 5.00 0.00 2.00
4.00 1.00 2.00 2.00 7.00 5.00 1.00 1.00 3.00 3.00 2.00
1.00 3.00 5.00 0.00 3.00 3.00 4.00 0.00 2.00 1.00 3.00
1.00 3.00 0.00 2.00 0.00 1.00 10.00 2.00 0.00 1.00 2.00
1.00 0.00 1.00 4.00 2.00 0.00 1.00 5.00 1.00 0.00 3.00
0.00 0.00 0.00 4.00 3.00 3.00 2.00 2.00 6.00 2.00 3.00
1.00 1.00 0.00 1.00 0.00 3.00 2.00 0.00 4.00 7.00 6.00
0.00 0.00 0.00 0.00 0.00 0.00 0.00 0.00 0.00 0.00 0.00
6.00 1.00 0.00 5.00 2.00 0.00 2.00 2.00 0.00 1.00 1.00
2.00 5.00 7.00 0.00 1.00 4.00 5.00 2.00 1.00 2.00 0.00
3.00 1.00 1.00 7.00 2.00 1.00 1.00 3.00 5.00 3.00 4.00
3.00 2.00 0.00 3.00 11.00 2.00 1.00 1.00 0.00 5.00 0.00
5.00 2.00 1.00 0.00 1.00 6.00 1.00 1.00 0.00 4.00 0.00
0.00 1.00 2.00 2.00 1.00 5.00 8.00 4.00 0.00 1.00 2.00
0.00 1.00 2.00 1.00 1.00 0.00 3.00 7.00 3.00 0.00 1.00
1.00 0.00 0.00 4.00 0.00 2.00 2.00 1.00 8.00 1.00 3.00
0.00 0.00 1.00 1.00 1.00 2.00 5.00 0.00 8.00 6.00 4.00
0.00 0.00 0.00 0.00 0.00 0.00 0.00 0.00 0.00 0.00 0.00
7.00 2.00 4.00 2.00 2.00 2.00 1.00 3.00 1.00 1.00 0.00
2.00 9.00 4.00 1.00 1.00 2.00 4.00 2.00 0.00 2.00 0.00
4.00 1.00 1.00 11.00 3.00 0.00 0.00 4.00 5.00 2.00 3.00
4.00 0.00 1.00 1.00 9.00 5.00 0.00 0.00 0.00 5.00 1.00
1.00 1.00 3.00 0.00 1.00 7.00 1.00 0.00 2.00 3.00 2.00
1.00 3.00 4.00 2.00 0.00 2.00 4.00 2.00 2.00 2.00 2.00
3.00 4.00 2.00 6.00 3.00 1.00 1.00 6.00 2.00 0.00 3.00
1.00 0.00 0.00 5.00 4.00 1.00 1.00 1.00 5.00 6.00 4.00
1.00 1.00 1.00 1.00 1.00 2.00 1.00 0.00 0.00 7.00 6.00
0.00 0.00 0.00 0.00 0.00 0.00 0.00 0.00 0.00 0.00 0.00
4.00 5.00 1.00 6.00 1.00 0.00 1.00 4.00 2.00 0.00 0.00
4.00 5.00 8.00 0.00 2.00 3.00 1.00 1.00 0.00 1.00 0.00
0.00 0.00 4.00 4.00 4.00 2.00 0.00 2.00 2.00 1.00 2.00
2.00 3.00 0.00 2.00 9.00 2.00 0.00 1.00 2.00 0.00 0.00
1.00 4.00 2.00 0.00 1.00 5.00 2.00 0.00 1.00 3.00 1.00
4.00 2.00 2.00 0.00 0.00 2.00 10.00 5.00 0.00 2.00 3.00
1.00 1.00 1.00 3.00 0.00 1.00 3.00 8.00 1.00 1.00 4.00
2.00 0.00 1.00 2.00 4.00 3.00 0.00 2.00 2.00 5.00 4.00
2.00 1.00 0.00 3.00 3.00 5.00 2.00 2.00 2.00 5.00 9.00
0.00 0.00 0.00 0.00 0.00 0.00 0.00 0.00 0.00 0.00 0.00
4.00 4.00 4.00 3.00 2.00 1.00 2.00 3.00 2.00 0.00 1.00
1.00 4.00 3.00 2.00 2.00 2.00 3.00 2.00 1.00 1.00 2.00
4.00 1.00 1.00 3.00 2.00 2.00 1.00 2.00 4.00 2.00 1.00
2.00 3.00 0.00 3.00 8.00 1.00 0.00 2.00 1.00 1.00 2.00
3.00 1.00 6.00 1.00 0.00 7.00 1.00 1.00 4.00 4.00 1.00
2.00 2.00 6.00 2.00 0.00 0.00 2.00 2.00 2.00 4.00 0.00
0.00 0.00 3.00 1.00 2.00 2.00 4.00 5.00 3.00 1.00 3.00
2.00 2.00 5.00 3.00 1.00 0.00 2.00 2.00 6.00 3.00 8.00
0.00 1.00 1.00 2.00 0.00 2.00 2.00 2.00 2.00 10.00 5.00
0.00 0.00 0.00 0.00 0.00 0.00 0.00 0.00 0.00 0.00 0.00
4.00 4.00 4.00 5.00 3.00 1.00 2.00 4.00 3.00 1.00 0.00
2.00 4.00 5.00 0.00 2.00 1.00 5.00 3.00 2.00 1.00 0.00
6.00 3.00 3.00 3.00 2.00 0.00 1.00 4.00 1.00 0.00 1.00
1.00 2.00 0.00 3.00 5.00 1.00 1.00 0.00 2.00 8.00 1.00
0.00 1.00 0.00 2.00 3.00 9.00 3.00 0.00 0.00 1.00 3.00
0.00 1.00 4.00 0.00 1.00 3.00 9.00 0.00 3.00 0.00 5.00
2.00 1.00 2.00 5.00 1.00 1.00 2.00 8.00 3.00 0.00 1.00
1.00 1.00 2.00 3.00 0.00 3.00 1.00 2.00 10.00 2.00 5.00
1.00 1.00 0.00 0.00 2.00 5.00 4.00 0.00 4.00 4.00 4.00
0.00 0.00 0.00 0.00 0.00 0.00 0.00 0.00 0.00 0.00 0.00
5.00 1.00 6.00 3.00 2.00 2.00 0.00 3.00 1.00 1.00 1.00
1.00 8.00 5.00 2.00 2.00 3.00 1.00 1.00 0.00 0.00 1.00
2.00 1.00 1.00 6.00 1.00 1.00 1.00 0.00 3.00 0.00 1.00
0.00 1.00 1.00 0.00 10.00 2.00 0.00 1.00 3.00 2.00 2.00
2.00 7.00 1.00 0.00 1.00 6.00 1.00 0.00 2.00 3.00 1.00
1.00 1.00 1.00 0.00 0.00 1.00 8.00 3.00 2.00 1.00 4.00
2.00 0.00 1.00 1.00 2.00 1.00 2.00 6.00 2.00 1.00 1.00
0.00 1.00 1.00 3.00 2.00 1.00 0.00 0.00 10.00 4.00 3.00
0.00 1.00 1.00 1.00 1.00 1.00 3.00 1.00 3.00 5.00 4.00
0.00 0.00 0.00 0.00 0.00 0.00 0.00 0.00 0.00 0.00 0.00
5.00 5.00 6.00 4.00 4.00 0.00 1.00 1.00 2.00 1.00 0.00
2.00 7.00 2.00 2.00 1.00 4.00 2.00 1.00 0.00 2.00 0.00
4.00 1.00 1.00 4.00 2.00 1.00 0.00 3.00 2.00 0.00 3.00
2.00 1.00 0.00 1.00 4.00 3.00 2.00 1.00 3.00 0.00 1.00
0.00 4.00 3.00 0.00 2.00 7.00 1.00 1.00 0.00 3.00 1.00
1.00 0.00 1.00 2.00 1.00 3.00 8.00 1.00 1.00 2.00 0.00
0.00 2.00 2.00 2.00 2.00 0.00 3.00 4.00 1.00 0.00 1.00
3.00 0.00 2.00 1.00 2.00 1.00 0.00 3.00 11.00 5.00 2.00
1.00 0.00 1.00 1.00 0.00 0.00 2.00 1.00 2.00 8.00 1.00
0.00 0.00 0.00 0.00 0.00 0.00 0.00 0.00 0.00 0.00 0.00
7.00 5.00 4.00 1.00 0.00 2.00 2.00 0.00 1.00 1.00 0.00
3.00 4.00 6.00 2.00 2.00 3.00 2.00 1.00 2.00 0.00 2.00
2.00 1.00 2.00 9.00 2.00 1.00 0.00 2.00 0.00 1.00 0.00
1.00 4.00 0.00 5.00 6.00 3.00 1.00 1.00 3.00 1.00 0.00
1.00 7.00 2.00 0.00 1.00 4.00 1.00 2.00 1.00 6.00 3.00
1.00 4.00 6.00 1.00 0.00 0.00 5.00 3.00 1.00 1.00 2.00
2.00 1.00 1.00 2.00 0.00 2.00 1.00 6.00 0.00 1.00 1.00
2.00 1.00 1.00 4.00 3.00 1.00 2.00 4.00 6.00 5.00 9.00
1.00 2.00 1.00 0.00 1.00 0.00 1.00 0.00 7.00 5.00 5.00
0.00 0.00 0.00 0.00 0.00 0.00 0.00 0.00 0.00 0.00 0.00
9.00 7.00 1.00 4.00 3.00 0.00 1.00 1.00 1.00 0.00 2.00
5.00 3.00 4.00 3.00 1.00 5.00 4.00 1.00 0.00 1.00 1.00
4.00 0.00 1.00 6.00 1.00 1.00 0.00 2.00 3.00 0.00 0.00
3.00 4.00 0.00 1.00 3.00 2.00 0.00 0.00 3.00 2.00 3.00
0.00 1.00 1.00 1.00 5.00 4.00 1.00 1.00 3.00 1.00 2.00
2.00 1.00 2.00 0.00 0.00 2.00 6.00 3.00 1.00 3.00 3.00
0.00 1.00 3.00 2.00 2.00 0.00 3.00 4.00 3.00 1.00 3.00
2.00 1.00 2.00 2.00 1.00 0.00 2.00 1.00 9.00 3.00 4.00
1.00 1.00 0.00 1.00 0.00 3.00 1.00 1.00 5.00 2.00 9.00
0.00 0.00 0.00 0.00 0.00 0.00 0.00 0.00 0.00 0.00 0.00
6.00 1.00 1.00 1.00 0.00 2.00 0.00 2.00 2.00 2.00 3.00
3.00 6.00 8.00 0.00 0.00 3.00 4.00 2.00 0.00 2.00 0.00
2.00 0.00 2.00 10.00 1.00 0.00 0.00 2.00 2.00 1.00 1.00
0.00 3.00 1.00 5.00 2.00 2.00 0.00 0.00 2.00 2.00 2.00
1.00 2.00 1.00 2.00 6.00 6.00 3.00 0.00 0.00 5.00 1.00
2.00 1.00 2.00 1.00 1.00 5.00 8.00 2.00 1.00 1.00 1.00
4.00 0.00 5.00 4.00 0.00 0.00 2.00 6.00 1.00 0.00 2.00
0.00 1.00 4.00 4.00 1.00 1.00 1.00 2.00 4.00 5.00 6.00
0.00 2.00 0.00 0.00 2.00 0.00 2.00 0.00 3.00 5.00 3.00
0.00 0.00 0.00 0.00 0.00 0.00 0.00 0.00 0.00 0.00 0.00
4.00 4.00 4.00 4.00 2.00 1.00 2.00 2.00 1.00 0.00 0.00
0.00 9.00 8.00 0.00 2.00 1.00 4.00 1.00 1.00 0.00 0.00
3.00 2.00 1.00 8.00 3.00 1.00 1.00 4.00 2.00 1.00 2.00
1.00 1.00 0.00 4.00 6.00 3.00 0.00 0.00 1.00 1.00 1.00
0.00 3.00 1.00 0.00 2.00 11.00 1.00 2.00 0.00 3.00 3.00
1.00 2.00 1.00 3.00 1.00 2.00 5.00 1.00 3.00 0.00 6.00
2.00 2.00 3.00 2.00 0.00 1.00 0.00 10.00 1.00 1.00 1.00
1.00 1.00 0.00 4.00 0.00 1.00 0.00 1.00 4.00 5.00 1.00
0.00 0.00 0.00 0.00 2.00 4.00 3.00 1.00 1.00 6.00 3.00
0.00 0.00 0.00 0.00 0.00 0.00 0.00 0.00 0.00 0.00 0.00
3.00 3.00 4.00 0.00 3.00 0.00 4.00 2.00 2.00 0.00 1.00
3.00 2.00 7.00 0.00 2.00 2.00 4.00 2.00 0.00 2.00 0.00
4.00 5.00 2.00 5.00 3.00 0.00 1.00 3.00 4.00 3.00 1.00
3.00 0.00 2.00 1.00 6.00 4.00 0.00 0.00 1.00 2.00 2.00
1.00 3.00 1.00 1.00 4.00 5.00 2.00 0.00 2.00 5.00 2.00
0.00 2.00 1.00 0.00 1.00 2.00 5.00 5.00 0.00 0.00 3.00
1.00 3.00 4.00 1.00 3.00 1.00 2.00 8.00 0.00 0.00 1.00
2.00 1.00 0.00 4.00 4.00 0.00 1.00 4.00 5.00 1.00 1.00
1.00 0.00 0.00 1.00 2.00 0.00 6.00 4.00 2.00 7.00 5.00
0.00 0.00 0.00 0.00 0.00 0.00 0.00 0.00 0.00 0.00 0.00
7.00 3.00 3.00 3.00 1.00 1.00 0.00 1.00 2.00 1.00 1.00
2.00 6.00 4.00 3.00 1.00 2.00 1.00 1.00 0.00 2.00 2.00
6.00 0.00 2.00 7.00 2.00 0.00 1.00 2.00 3.00 0.00 1.00
1.00 1.00 4.00 3.00 7.00 4.00 0.00 0.00 0.00 1.00 2.00
2.00 2.00 3.00 0.00 4.00 2.00 1.00 1.00 3.00 2.00 3.00
2.00 0.00 3.00 1.00 3.00 1.00 7.00 2.00 0.00 1.00 6.00
1.00 3.00 2.00 4.00 1.00 0.00 2.00 7.00 7.00 0.00 1.00
0.00 1.00 0.00 3.00 2.00 3.00 2.00 1.00 6.00 7.00 3.00
3.00 0.00 1.00 1.00 4.00 4.00 2.00 1.00 2.00 7.00 4.00
0.00 0.00 0.00 0.00 0.00 0.00 0.00 0.00 0.00 0.00 0.00
6.00 6.00 6.00 5.00 3.00 1.00 1.00 0.00 1.00 0.00 2.00
4.00 3.00 2.00 2.00 3.00 1.00 4.00 3.00 2.00 2.00 0.00
5.00 1.00 1.00 5.00 2.00 1.00 1.00 2.00 5.00 5.00 2.00
2.00 3.00 0.00 1.00 7.00 4.00 0.00 1.00 4.00 1.00 0.00
3.00 4.00 1.00 1.00 1.00 5.00 3.00 0.00 1.00 2.00 3.00
2.00 0.00 3.00 1.00 0.00 2.00 11.00 3.00 1.00 0.00 2.00
2.00 0.00 2.00 2.00 1.00 2.00 1.00 5.00 1.00 1.00 1.00
1.00 0.00 2.00 2.00 1.00 1.00 1.00 3.00 5.00 8.00 8.00
0.00 2.00 1.00 4.00 5.00 4.00 1.00 2.00 7.00 3.00 6.00
0.00 0.00 0.00 0.00 0.00 0.00 0.00 0.00 0.00 0.00 0.00
10.00 0.00 3.00 6.00 3.00 2.00 0.00 0.00 1.00 2.00 0.00
5.00 7.00 6.00 3.00 0.00 4.00 3.00 3.00 1.00 1.00 1.00
0.00 0.00 2.00 7.00 2.00 1.00 0.00 5.00 7.00 3.00 0.00
1.00 0.00 1.00 1.00 13.00 3.00 0.00 1.00 0.00 1.00 0.00
1.00 4.00 0.00 1.00 0.00 5.00 4.00 1.00 0.00 3.00 2.00
1.00 1.00 2.00 1.00 2.00 0.00 6.00 3.00 1.00 1.00 1.00
3.00 0.00 4.00 2.00 0.00 0.00 1.00 7.00 6.00 1.00 2.00
0.00 0.00 1.00 3.00 3.00 0.00 1.00 1.00 7.00 2.00 6.00
1.00 0.00 0.00 3.00 2.00 2.00 2.00 2.00 2.00 7.00 2.00
0.00 0.00 0.00 0.00 0.00 0.00 0.00 0.00 0.00 0.00 0.00
8.00 5.00 11.00 0.00 1.00 1.00 1.00 2.00 1.00 0.00 0.00
4.00 8.00 10.00 3.00 3.00 2.00 1.00 2.00 2.00 0.00 3.00
5.00 1.00 1.00 7.00 4.00 0.00 0.00 3.00 3.00 1.00 0.00
1.00 1.00 0.00 2.00 9.00 2.00 0.00 1.00 1.00 3.00 1.00
1.00 3.00 2.00 0.00 6.00 4.00 1.00 2.00 1.00 5.00 3.00
2.00 0.00 3.00 0.00 0.00 3.00 5.00 4.00 0.00 1.00 2.00
3.00 3.00 1.00 1.00 1.00 0.00 3.00 8.00 3.00 1.00 4.00
3.00 2.00 1.00 3.00 2.00 0.00 1.00 1.00 3.00 4.00 3.00
0.00 0.00 1.00 1.00 2.00 3.00 2.00 3.00 4.00 6.00 3.00
0.00 0.00 0.00 0.00 0.00 0.00 0.00 0.00 0.00 0.00 0.00
7.00 5.00 4.00 2.00 0.00 2.00 2.00 2.00 1.00 1.00 1.00
4.00 7.00 5.00 0.00 1.00 4.00 2.00 0.00 0.00 0.00 2.00
6.00 0.00 1.00 12.00 3.00 2.00 0.00 3.00 4.00 0.00 0.00
1.00 5.00 2.00 3.00 9.00 2.00 0.00 0.00 0.00 0.00 1.00
0.00 0.00 3.00 1.00 3.00 7.00 2.00 0.00 1.00 0.00 2.00
1.00 2.00 2.00 0.00 0.00 2.00 5.00 6.00 1.00 2.00 2.00
3.00 1.00 2.00 2.00 1.00 0.00 5.00 8.00 0.00 2.00 2.00
1.00 0.00 2.00 1.00 1.00 0.00 1.00 0.00 4.00 3.00 6.00
0.00 0.00 1.00 1.00 1.00 0.00 1.00 3.00 5.00 4.00 2.00
0.00 0.00 0.00 0.00 0.00 0.00 0.00 0.00 0.00 0.00 0.00
5.00 6.00 7.00 4.00 2.00 0.00 4.00 2.00 1.00 0.00 0.00
1.00 1.00 7.00 3.00 3.00 1.00 1.00 0.00 0.00 2.00 1.00
4.00 3.00 2.00 2.00 3.00 1.00 0.00 4.00 2.00 1.00 5.00
0.00 3.00 1.00 2.00 4.00 0.00 0.00 2.00 5.00 0.00 1.00
0.00 1.00 1.00 1.00 2.00 4.00 2.00 0.00 2.00 2.00 1.00
2.00 2.00 4.00 1.00 0.00 4.00 7.00 2.00 0.00 1.00 0.00
3.00 1.00 1.00 0.00 1.00 0.00 3.00 10.00 1.00 1.00 5.00
1.00 2.00 0.00 2.00 1.00 1.00 3.00 5.00 6.00 4.00 4.00
1.00 0.00 0.00 1.00 2.00 1.00 5.00 2.00 1.00 3.00 6.00
0.00 0.00 0.00 0.00 0.00 0.00 0.00 0.00 0.00 0.00 0.00
4.00 4.00 6.00 3.00 3.00 1.00 3.00 4.00 2.00 1.00 1.00
3.00 4.00 6.00 0.00 1.00 2.00 4.00 0.00 0.00 2.00 0.00
6.00 0.00 1.00 10.00 3.00 1.00 2.00 2.00 3.00 1.00 1.00
2.00 1.00 1.00 2.00 7.00 2.00 2.00 0.00 2.00 2.00 0.00
2.00 2.00 2.00 0.00 2.00 7.00 2.00 1.00 0.00 6.00 2.00
0.00 1.00 5.00 0.00 0.00 2.00 5.00 3.00 0.00 4.00 1.00
1.00 0.00 0.00 3.00 0.00 1.00 1.00 10.00 2.00 1.00 6.00
0.00 0.00 1.00 5.00 0.00 3.00 0.00 2.00 6.00 4.00 6.00
1.00 2.00 0.00 0.00 2.00 5.00 5.00 1.00 3.00 4.00 2.00
0.00 0.00 0.00 0.00 0.00 0.00 0.00 0.00 0.00 0.00 0.00
9.00 5.00 2.00 6.00 3.00 0.00 1.00 2.00 2.00 0.00 1.00
2.00 1.00 6.00 0.00 2.00 3.00 6.00 2.00 1.00 1.00 3.00
2.00 3.00 1.00 5.00 1.00 1.00 1.00 1.00 5.00 1.00 2.00
2.00 3.00 0.00 1.00 8.00 3.00 2.00 0.00 0.00 2.00 2.00
1.00 4.00 1.00 0.00 2.00 9.00 4.00 0.00 0.00 4.00 0.00
0.00 5.00 5.00 0.00 1.00 3.00 3.00 2.00 3.00 1.00 5.00
3.00 0.00 1.00 0.00 1.00 1.00 4.00 7.00 2.00 1.00 1.00
1.00 0.00 0.00 2.00 1.00 2.00 1.00 1.00 5.00 5.00 4.00
1.00 2.00 0.00 1.00 2.00 4.00 1.00 4.00 2.00 6.00 3.00
0.00 0.00 0.00 0.00 0.00 0.00 0.00 0.00 0.00 0.00 0.00
3.00 4.00 3.00 3.00 1.00 3.00 2.00 2.00 0.00 2.00 0.00
3.00 10.00 5.00 0.00 3.00 4.00 6.00 1.00 1.00 0.00 0.00
3.00 1.00 2.00 6.00 3.00 1.00 1.00 2.00 2.00 1.00 0.00
1.00 2.00 3.00 2.00 6.00 3.00 1.00 0.00 1.00 3.00 2.00
0.00 2.00 5.00 2.00 4.00 11.00 5.00 0.00 2.00 3.00 1.00
1.00 0.00 7.00 2.00 4.00 0.00 2.00 0.00 1.00 2.00 1.00
4.00 3.00 4.00 1.00 1.00 1.00 2.00 6.00 0.00 1.00 1.00
0.00 0.00 3.00 2.00 3.00 2.00 2.00 0.00 11.00 3.00 3.00
0.00 1.00 1.00 0.00 2.00 1.00 4.00 1.00 4.00 6.00 5.00
0.00 0.00 0.00 0.00 0.00 0.00 0.00 0.00 0.00 0.00 0.00
3.00 5.00 1.00 4.00 1.00 2.00 2.00 5.00 3.00 2.00 1.00
2.00 5.00 5.00 0.00 2.00 2.00 6.00 0.00 1.00 3.00 1.00
2.00 1.00 0.00 10.00 1.00 0.00 2.00 0.00 5.00 2.00 0.00
0.00 2.00 2.00 2.00 10.00 2.00 1.00 2.00 2.00 0.00 1.00
2.00 2.00 2.00 0.00 2.00 8.00 3.00 0.00 2.00 1.00 1.00
0.00 0.00 1.00 2.00 1.00 3.00 3.00 1.00 0.00 3.00 3.00
1.00 0.00 2.00 4.00 0.00 3.00 3.00 6.00 2.00 2.00 5.00
0.00 2.00 0.00 2.00 0.00 1.00 2.00 1.00 2.00 0.00 3.00
3.00 1.00 1.00 1.00 1.00 4.00 1.00 1.00 3.00 5.00 2.00
0.00 0.00 0.00 0.00 0.00 0.00 0.00 0.00 0.00 0.00 0.00
4.00 6.00 2.00 2.00 2.00 1.00 2.00 0.00 4.00 3.00 0.00
6.00 3.00 2.00 0.00 0.00 1.00 4.00 2.00 0.00 0.00 0.00
2.00 2.00 0.00 3.00 3.00 1.00 0.00 0.00 5.00 3.00 0.00
1.00 3.00 0.00 6.00 2.00 2.00 1.00 0.00 3.00 3.00 1.00
0.00 4.00 1.00 0.00 5.00 8.00 3.00 0.00 0.00 2.00 0.00
1.00 1.00 7.00 1.00 1.00 0.00 1.00 5.00 1.00 0.00 5.00
6.00 1.00 1.00 3.00 0.00 1.00 2.00 10.00 2.00 4.00 1.00
0.00 0.00 1.00 6.00 0.00 0.00 0.00 2.00 9.00 1.00 2.00
1.00 0.00 0.00 2.00 1.00 4.00 2.00 1.00 5.00 4.00 4.00
0.00 0.00 0.00 0.00 0.00 0.00 0.00 0.00 0.00 0.00 0.00
9.00 5.00 1.00 5.00 1.00 2.00 1.00 1.00 1.00 0.00 2.00
0.00 8.00 8.00 1.00 1.00 7.00 1.00 3.00 0.00 1.00 0.00
2.00 1.00 2.00 8.00 2.00 2.00 0.00 3.00 2.00 2.00 2.00
2.00 3.00 2.00 2.00 6.00 3.00 1.00 0.00 2.00 0.00 0.00
2.00 0.00 1.00 2.00 3.00 5.00 1.00 0.00 1.00 3.00 0.00
1.00 1.00 2.00 1.00 1.00 1.00 4.00 3.00 2.00 1.00 1.00
0.00 0.00 1.00 0.00 0.00 0.00 2.00 3.00 5.00 1.00 4.00
1.00 3.00 1.00 3.00 0.00 2.00 0.00 5.00 3.00 4.00 4.00
1.00 0.00 1.00 0.00 1.00 4.00 4.00 2.00 1.00 5.00 1.00
0.00 0.00 0.00 0.00 0.00 0.00 0.00 0.00 0.00 0.00 0.00
9.00 5.00 5.00 2.00 0.00 2.00 1.00 2.00 0.00 0.00 0.00
3.00 8.00 3.00 1.00 1.00 1.00 1.00 0.00 0.00 0.00 0.00
3.00 1.00 2.00 10.00 0.00 0.00 0.00 4.00 5.00 1.00 1.00
3.00 1.00 4.00 2.00 6.00 3.00 1.00 0.00 2.00 1.00 0.00
1.00 4.00 1.00 0.00 1.00 4.00 2.00 0.00 2.00 1.00 2.00
2.00 5.00 1.00 0.00 0.00 1.00 5.00 2.00 0.00 2.00 4.00
3.00 0.00 4.00 4.00 1.00 3.00 2.00 4.00 2.00 1.00 4.00
0.00 0.00 0.00 1.00 1.00 1.00 1.00 3.00 10.00 3.00 2.00
0.00 1.00 1.00 1.00 3.00 4.00 1.00 2.00 2.00 5.00 11.00
0.00 0.00 0.00 0.00 0.00 0.00 0.00 0.00 0.00 0.00 0.00
3.00 7.00 4.00 2.00 2.00 2.00 1.00 2.00 1.00 1.00 0.00
4.00 8.00 4.00 0.00 0.00 1.00 4.00 1.00 0.00 3.00 1.00
3.00 1.00 2.00 11.00 2.00 2.00 0.00 2.00 3.00 2.00 0.00
3.00 1.00 2.00 1.00 8.00 3.00 0.00 1.00 2.00 1.00 2.00
2.00 3.00 3.00 0.00 3.00 11.00 3.00 1.00 0.00 2.00 2.00
1.00 1.00 3.00 0.00 0.00 1.00 8.00 1.00 0.00 4.00 5.00
1.00 1.00 2.00 3.00 0.00 0.00 0.00 5.00 1.00 2.00 3.00
0.00 0.00 2.00 5.00 2.00 1.00 0.00 4.00 5.00 2.00 4.00
2.00 1.00 1.00 0.00 0.00 0.00 2.00 0.00 1.00 5.00 8.00
0.00 0.00 0.00 0.00 0.00 0.00 0.00 0.00 0.00 0.00 0.00
9.00 2.00 1.00 3.00 3.00 1.00 2.00 3.00 1.00 1.00 0.00
2.00 8.00 6.00 2.00 1.00 2.00 4.00 1.00 0.00 1.00 2.00
2.00 1.00 3.00 7.00 1.00 0.00 1.00 3.00 2.00 1.00 3.00
0.00 1.00 2.00 2.00 9.00 2.00 0.00 0.00 1.00 2.00 2.00
0.00 3.00 3.00 3.00 3.00 5.00 2.00 1.00 0.00 3.00 1.00
2.00 0.00 2.00 0.00 0.00 1.00 12.00 1.00 2.00 2.00 2.00
4.00 0.00 2.00 3.00 0.00 3.00 1.00 7.00 5.00 1.00 2.00
0.00 1.00 0.00 3.00 4.00 2.00 0.00 4.00 4.00 4.00 4.00
1.00 2.00 2.00 0.00 2.00 2.00 4.00 1.00 2.00 8.00 1.00
0.00 0.00 0.00 0.00 0.00 0.00 0.00 0.00 0.00 0.00 0.00
9.00 4.00 4.00 2.00 0.00 1.00 0.00 2.00 1.00 0.00 0.00
1.00 5.00 8.00 4.00 0.00 2.00 6.00 2.00 0.00 3.00 1.00
4.00 1.00 2.00 7.00 2.00 0.00 0.00 2.00 2.00 0.00 2.00
2.00 1.00 0.00 3.00 7.00 6.00 0.00 1.00 1.00 5.00 0.00
2.00 3.00 0.00 2.00 2.00 5.00 1.00 2.00 0.00 2.00 4.00
1.00 0.00 8.00 1.00 2.00 1.00 8.00 3.00 0.00 2.00 3.00
2.00 0.00 3.00 2.00 1.00 1.00 3.00 8.00 5.00 2.00 2.00
0.00 0.00 1.00 4.00 5.00 3.00 1.00 4.00 11.00 1.00 4.00
0.00 0.00 2.00 0.00 2.00 0.00 0.00 1.00 5.00 8.00 5.00
0.00 0.00 0.00 0.00 0.00 0.00 0.00 0.00 0.00 0.00 0.00
6.00 5.00 2.00 2.00 0.00 0.00 2.00 3.00 1.00 1.00 2.00
3.00 8.00 7.00 1.00 0.00 2.00 2.00 1.00 2.00 0.00 1.00
1.00 1.00 3.00 7.00 4.00 6.00 0.00 3.00 3.00 2.00 1.00
3.00 1.00 2.00 1.00 8.00 5.00 1.00 3.00 0.00 3.00 2.00
1.00 3.00 1.00 1.00 2.00 8.00 3.00 0.00 0.00 2.00 0.00
1.00 2.00 3.00 0.00 1.00 2.00 7.00 4.00 3.00 1.00 0.00
3.00 0.00 2.00 3.00 1.00 0.00 0.00 11.00 1.00 0.00 4.00
0.00 0.00 0.00 2.00 1.00 2.00 0.00 0.00 11.00 5.00 7.00
1.00 2.00 1.00 2.00 1.00 2.00 2.00 1.00 2.00 3.00 7.00
0.00 0.00 0.00 0.00 0.00 0.00 0.00 0.00 0.00 0.00 0.00
10.00 5.00 6.00 4.00 2.00 1.00 1.00 2.00 0.00 0.00 1.00
4.00 8.00 2.00 2.00 4.00 3.00 4.00 2.00 0.00 0.00 3.00
1.00 2.00 2.00 5.00 3.00 2.00 2.00 2.00 3.00 0.00 0.00
4.00 0.00 2.00 0.00 6.00 3.00 0.00 1.00 0.00 2.00 1.00
1.00 3.00 4.00 0.00 1.00 9.00 1.00 0.00 1.00 4.00 0.00
0.00 2.00 3.00 1.00 1.00 2.00 8.00 0.00 1.00 2.00 2.00
3.00 0.00 3.00 0.00 1.00 1.00 2.00 9.00 1.00 0.00 3.00
1.00 1.00 0.00 4.00 0.00 1.00 4.00 2.00 7.00 3.00 3.00
0.00 0.00 0.00 0.00 1.00 0.00 2.00 1.00 4.00 2.00 6.00
0.00 0.00 0.00 0.00 0.00 0.00 0.00 0.00 0.00 0.00 0.00
5.00 4.00 4.00 0.00 2.00 0.00 1.00 2.00 2.00 2.00 1.00
3.00 5.00 9.00 0.00 1.00 6.00 3.00 2.00 0.00 2.00 2.00
1.00 2.00 0.00 8.00 0.00 0.00 1.00 3.00 3.00 1.00 1.00
3.00 2.00 1.00 0.00 7.00 4.00 0.00 0.00 1.00 2.00 1.00
1.00 3.00 2.00 2.00 5.00 9.00 1.00 0.00 0.00 4.00 3.00
3.00 4.00 4.00 1.00 0.00 1.00 5.00 3.00 0.00 3.00 1.00
1.00 4.00 2.00 1.00 0.00 0.00 4.00 6.00 2.00 3.00 4.00
3.00 2.00 1.00 3.00 1.00 2.00 0.00 2.00 3.00 4.00 2.00
0.00 2.00 2.00 2.00 0.00 1.00 1.00 2.00 2.00 3.00 6.00
0.00 0.00 0.00 0.00 0.00 0.00 0.00 0.00 0.00 0.00 0.00
5.00 4.00 3.00 5.00 2.00 1.00 2.00 0.00 2.00 2.00 1.00
4.00 3.00 6.00 1.00 2.00 1.00 4.00 2.00 0.00 1.00 2.00
2.00 2.00 0.00 8.00 2.00 1.00 0.00 0.00 9.00 2.00 3.00
5.00 1.00 1.00 1.00 8.00 3.00 1.00 0.00 3.00 2.00 0.00
2.00 2.00 2.00 1.00 3.00 9.00 1.00 1.00 1.00 2.00 0.00
0.00 3.00 1.00 1.00 3.00 0.00 6.00 1.00 0.00 1.00 3.00
3.00 1.00 2.00 2.00 0.00 1.00 1.00 10.00 2.00 1.00 2.00
0.00 2.00 0.00 3.00 2.00 0.00 0.00 6.00 8.00 7.00 3.00
0.00 4.00 0.00 0.00 0.00 2.00 0.00 2.00 3.00 6.00 11.00
0.00 0.00 0.00 0.00 0.00 0.00 0.00 0.00 0.00 0.00 0.00
9.00 4.00 1.00 4.00 2.00 1.00 2.00 2.00 3.00 0.00 0.00
2.00 5.00 5.00 0.00 2.00 1.00 2.00 1.00 2.00 0.00 1.00
1.00 1.00 1.00 3.00 1.00 1.00 1.00 6.00 0.00 2.00 3.00
2.00 2.00 0.00 3.00 7.00 3.00 0.00 0.00 4.00 1.00 1.00
1.00 3.00 0.00 1.00 4.00 5.00 2.00 1.00 0.00 4.00 1.00
0.00 5.00 7.00 0.00 0.00 0.00 8.00 2.00 0.00 1.00 1.00
2.00 2.00 2.00 2.00 0.00 2.00 4.00 5.00 3.00 2.00 2.00
1.00 1.00 2.00 2.00 1.00 1.00 1.00 1.00 7.00 3.00 5.00
0.00 2.00 1.00 1.00 2.00 1.00 2.00 3.00 3.00 5.00 5.00
0.00 0.00 0.00 0.00 0.00 0.00 0.00 0.00 0.00 0.00 0.00
12.00 3.00 2.00 4.00 2.00 1.00 0.00 1.00 0.00 0.00 0.00
2.00 3.00 7.00 1.00 0.00 4.00 2.00 2.00 2.00 2.00 1.00
4.00 0.00 2.00 8.00 1.00 1.00 1.00 2.00 1.00 4.00 2.00
2.00 2.00 1.00 2.00 9.00 2.00 0.00 0.00 1.00 4.00 2.00
1.00 1.00 2.00 0.00 2.00 9.00 1.00 3.00 3.00 1.00 3.00
1.00 2.00 3.00 0.00 1.00 7.00 6.00 3.00 0.00 2.00 0.00
1.00 3.00 1.00 2.00 1.00 0.00 3.00 4.00 1.00 4.00 0.00
0.00 1.00 2.00 2.00 0.00 1.00 0.00 2.00 10.00 1.00 8.00
2.00 1.00 1.00 2.00 1.00 2.00 3.00 1.00 2.00 7.00 3.00
0.00 0.00 0.00 0.00 0.00 0.00 0.00 0.00 0.00 0.00 0.00
5.00 2.00 1.00 3.00 0.00 0.00 1.00 2.00 0.00 1.00 0.00
3.00 4.00 3.00 1.00 4.00 5.00 1.00 1.00 1.00 2.00 3.00
2.00 0.00 2.00 6.00 4.00 0.00 1.00 4.00 4.00 1.00 0.00
3.00 2.00 0.00 1.00 8.00 4.00 1.00 0.00 3.00 2.00 1.00
1.00 2.00 0.00 2.00 0.00 7.00 0.00 0.00 1.00 5.00 1.00
1.00 2.00 5.00 0.00 0.00 2.00 7.00 2.00 0.00 0.00 1.00
2.00 1.00 2.00 0.00 1.00 1.00 1.00 5.00 2.00 1.00 6.00
2.00 0.00 1.00 2.00 0.00 3.00 0.00 2.00 2.00 2.00 6.00
2.00 3.00 1.00 1.00 2.00 7.00 0.00 1.00 3.00 4.00 5.00
0.00 0.00 0.00 0.00 0.00 0.00 0.00 0.00 0.00 0.00 0.00
5.00 8.00 1.00 5.00 1.00 1.00 1.00 1.00 2.00 0.00 1.00
1.00 3.00 9.00 1.00 3.00 2.00 2.00 2.00 1.00 2.00 1.00
2.00 1.00 0.00 6.00 4.00 0.00 1.00 8.00 3.00 0.00 0.00
1.00 1.00 3.00 1.00 6.00 6.00 1.00 0.00 3.00 1.00 1.00
0.00 3.00 0.00 0.00 1.00 1.00 2.00 0.00 1.00 3.00 5.00
2.00 1.00 3.00 0.00 2.00 2.00 5.00 2.00 1.00 4.00 3.00
0.00 2.00 3.00 4.00 0.00 2.00 2.00 6.00 1.00 1.00 1.00
0.00 0.00 0.00 3.00 3.00 0.00 0.00 1.00 4.00 4.00 5.00
2.00 0.00 0.00 1.00 0.00 4.00 1.00 2.00 3.00 4.00 4.00
0.00 0.00 0.00 0.00 0.00 0.00 0.00 0.00 0.00 0.00 0.00
2.00 2.00 1.00 3.00 0.00 1.00 1.00 3.00 3.00 1.00 2.00
1.00 5.00 7.00 0.00 1.00 2.00 3.00 3.00 0.00 0.00 2.00
1.00 1.00 1.00 8.00 3.00 0.00 1.00 2.00 2.00 1.00 2.00
2.00 2.00 1.00 4.00 11.00 1.00 0.00 0.00 3.00 3.00 1.00
2.00 2.00 0.00 1.00 0.00 6.00 4.00 2.00 1.00 0.00 3.00
1.00 1.00 4.00 0.00 0.00 2.00 4.00 1.00 2.00 0.00 1.00
0.00 0.00 3.00 1.00 0.00 0.00 0.00 9.00 2.00 1.00 5.00
1.00 2.00 2.00 3.00 2.00 1.00 0.00 0.00 7.00 5.00 3.00
1.00 0.00 1.00 0.00 2.00 1.00 4.00 1.00 3.00 5.00 5.00
0.00 0.00 0.00 0.00 0.00 0.00 0.00 0.00 0.00 0.00 0.00
7.00 4.00 4.00 3.00 2.00 0.00 1.00 3.00 3.00 2.00 0.00
4.00 7.00 7.00 1.00 0.00 3.00 5.00 1.00 1.00 0.00 0.00
1.00 0.00 0.00 7.00 1.00 2.00 2.00 2.00 2.00 3.00 1.00
1.00 0.00 2.00 1.00 7.00 3.00 0.00 2.00 1.00 2.00 0.00
1.00 2.00 4.00 0.00 2.00 5.00 2.00 3.00 1.00 2.00 3.00
0.00 0.00 5.00 1.00 0.00 5.00 4.00 0.00 1.00 0.00 3.00
3.00 2.00 5.00 3.00 0.00 0.00 2.00 6.00 1.00 1.00 1.00
2.00 0.00 2.00 0.00 5.00 2.00 1.00 1.00 3.00 1.00 1.00
0.00 0.00 1.00 0.00 1.00 6.00 2.00 4.00 1.00 4.00 11.00
0.00 0.00 0.00 0.00 0.00 0.00 0.00 0.00 0.00 0.00 0.00
15.00 3.00 4.00 1.00 2.00 1.00 0.00 2.00 1.00 0.00 0.00
2.00 9.00 5.00 0.00 0.00 4.00 0.00 1.00 1.00 0.00 1.00
3.00 2.00 3.00 5.00 3.00 1.00 0.00 0.00 3.00 1.00 1.00
3.00 3.00 2.00 5.00 5.00 4.00 0.00 0.00 0.00 3.00 2.00
1.00 3.00 0.00 1.00 2.00 13.00 1.00 0.00 2.00 4.00 1.00
0.00 0.00 0.00 1.00 1.00 1.00 9.00 0.00 1.00 1.00 0.00
1.00 3.00 3.00 0.00 0.00 0.00 2.00 6.00 1.00 2.00 0.00
1.00 1.00 1.00 4.00 1.00 2.00 0.00 2.00 5.00 3.00 2.00
1.00 0.00 0.00 2.00 1.00 1.00 3.00 1.00 2.00 1.00 7.00
0.00 0.00 0.00 0.00 0.00 0.00 0.00 0.00 0.00 0.00 0.00
7.00 0.00 5.00 5.00 1.00 1.00 1.00 1.00 3.00 2.00 1.00
5.00 8.00 4.00 1.00 1.00 2.00 6.00 0.00 0.00 0.00 0.00
4.00 2.00 0.00 4.00 0.00 0.00 0.00 0.00 3.00 1.00 1.00
0.00 1.00 1.00 5.00 3.00 1.00 1.00 0.00 3.00 2.00 2.00
0.00 2.00 1.00 0.00 1.00 5.00 2.00 0.00 0.00 5.00 2.00
1.00 1.00 4.00 1.00 2.00 0.00 10.00 2.00 3.00 0.00 5.00
1.00 0.00 3.00 3.00 1.00 1.00 3.00 6.00 5.00 0.00 3.00
3.00 2.00 3.00 1.00 0.00 1.00 2.00 0.00 4.00 5.00 6.00
0.00 1.00 0.00 2.00 1.00 2.00 0.00 2.00 6.00 6.00 7.00
0.00 0.00 0.00 0.00 0.00 0.00 0.00 0.00 0.00 0.00 0.00
5.00 6.00 4.00 1.00 0.00 0.00 2.00 0.00 0.00 0.00 1.00
7.00 4.00 6.00 1.00 2.00 1.00 3.00 1.00 1.00 1.00 3.00
1.00 0.00 1.00 9.00 4.00 0.00 2.00 1.00 1.00 0.00 2.00
1.00 1.00 2.00 3.00 7.00 2.00 1.00 1.00 4.00 2.00 0.00
0.00 1.00 3.00 2.00 4.00 6.00 1.00 2.00 1.00 1.00 0.00
1.00 1.00 5.00 0.00 0.00 0.00 11.00 3.00 2.00 0.00 5.00
2.00 2.00 2.00 5.00 1.00 1.00 5.00 3.00 0.00 2.00 1.00
2.00 1.00 0.00 1.00 4.00 3.00 1.00 1.00 10.00 6.00 1.00
1.00 1.00 2.00 1.00 1.00 5.00 3.00 1.00 2.00 4.00 5.00
0.00 0.00 0.00 0.00 0.00 0.00 0.00 0.00 0.00 0.00 0.00
6.00 4.00 3.00 1.00 0.00 4.00 2.00 4.00 0.00 2.00 0.00
5.00 5.00 2.00 0.00 0.00 3.00 0.00 3.00 0.00 1.00 0.00
6.00 0.00 0.00 4.00 6.00 3.00 1.00 4.00 1.00 1.00 2.00
1.00 2.00 2.00 2.00 6.00 1.00 1.00 2.00 3.00 3.00 1.00
2.00 5.00 1.00 4.00 2.00 3.00 2.00 1.00 0.00 0.00 3.00
2.00 2.00 2.00 2.00 0.00 1.00 5.00 3.00 3.00 1.00 3.00
2.00 0.00 0.00 2.00 2.00 2.00 1.00 10.00 4.00 0.00 2.00
1.00 1.00 1.00 4.00 2.00 0.00 0.00 2.00 13.00 2.00 5.00
0.00 1.00 3.00 2.00 1.00 3.00 4.00 2.00 1.00 10.00 8.00
0.00 0.00 0.00 0.00 0.00 0.00 0.00 0.00 0.00 0.00 0.00
10.00 2.00 2.00 4.00 4.00 2.00 2.00 0.00 1.00 0.00 1.00
3.00 4.00 3.00 0.00 2.00 3.00 5.00 3.00 2.00 1.00 2.00
0.00 2.00 2.00 10.00 2.00 0.00 0.00 3.00 1.00 4.00 2.00
2.00 3.00 0.00 1.00 6.00 4.00 0.00 0.00 4.00 2.00 1.00
1.00 2.00 0.00 0.00 1.00 7.00 2.00 0.00 1.00 4.00 0.00
3.00 0.00 4.00 0.00 2.00 3.00 10.00 3.00 0.00 1.00 3.00
2.00 0.00 3.00 1.00 0.00 1.00 2.00 8.00 0.00 1.00 0.00
0.00 1.00 1.00 1.00 0.00 1.00 1.00 0.00 12.00 2.00 2.00
0.00 1.00 1.00 1.00 3.00 4.00 4.00 0.00 3.00 5.00 3.00
0.00 0.00 0.00 0.00 0.00 0.00 0.00 0.00 0.00 0.00 0.00
7.00 4.00 5.00 1.00 3.00 0.00 0.00 1.00 1.00 1.00 0.00
3.00 9.00 4.00 2.00 2.00 3.00 6.00 0.00 2.00 0.00 1.00
4.00 1.00 1.00 6.00 7.00 0.00 2.00 6.00 3.00 1.00 1.00
1.00 2.00 0.00 3.00 8.00 3.00 1.00 1.00 2.00 3.00 3.00
1.00 1.00 0.00 0.00 4.00 6.00 2.00 0.00 2.00 4.00 1.00
2.00 4.00 0.00 0.00 2.00 0.00 5.00 1.00 1.00 1.00 3.00
1.00 2.00 0.00 2.00 1.00 1.00 0.00 3.00 2.00 1.00 5.00
1.00 0.00 0.00 4.00 2.00 2.00 1.00 0.00 5.00 5.00 1.00
0.00 2.00 4.00 1.00 3.00 3.00 2.00 2.00 2.00 4.00 5.00
0.00 0.00 0.00 0.00 0.00 0.00 0.00 0.00 0.00 0.00 0.00
10.00 5.00 2.00 3.00 1.00 1.00 2.00 1.00 0.00 1.00 1.00
3.00 6.00 4.00 0.00 2.00 1.00 5.00 1.00 1.00 2.00 4.00
2.00 0.00 4.00 7.00 3.00 0.00 1.00 3.00 1.00 1.00 1.00
1.00 3.00 3.00 2.00 5.00 4.00 1.00 0.00 3.00 2.00 1.00
1.00 1.00 1.00 0.00 1.00 11.00 3.00 0.00 1.00 2.00 2.00
1.00 1.00 5.00 1.00 1.00 0.00 10.00 1.00 2.00 2.00 1.00
1.00 0.00 1.00 4.00 0.00 1.00 0.00 4.00 2.00 1.00 0.00
0.00 0.00 0.00 0.00 2.00 1.00 0.00 1.00 11.00 1.00 1.00
0.00 2.00 3.00 2.00 2.00 1.00 0.00 0.00 2.00 10.00 4.00
0.00 0.00 0.00 0.00 0.00 0.00 0.00 0.00 0.00 0.00 0.00
4.00 5.00 3.00 2.00 3.00 0.00 0.00 4.00 3.00 2.00 0.00
1.00 5.00 7.00 1.00 0.00 2.00 5.00 0.00 0.00 5.00 0.00
5.00 0.00 1.00 9.00 3.00 0.00 0.00 1.00 1.00 5.00 0.00
4.00 0.00 0.00 0.00 8.00 4.00 1.00 0.00 1.00 2.00 1.00
0.00 3.00 2.00 3.00 4.00 6.00 2.00 1.00 0.00 1.00 1.00
3.00 1.00 3.00 1.00 0.00 0.00 11.00 5.00 2.00 2.00 5.00
0.00 1.00 1.00 2.00 0.00 0.00 3.00 6.00 2.00 1.00 1.00
1.00 2.00 3.00 2.00 0.00 2.00 0.00 1.00 9.00 4.00 5.00
1.00 1.00 1.00 2.00 1.00 2.00 2.00 1.00 3.00 6.00 3.00
0.00 0.00 0.00 0.00 0.00 0.00 0.00 0.00 0.00 0.00 0.00
5.00 4.00 4.00 3.00 3.00 0.00 2.00 0.00 0.00 1.00 1.00
1.00 8.00 6.00 1.00 1.00 1.00 2.00 1.00 0.00 1.00 1.00
6.00 1.00 2.00 7.00 2.00 0.00 0.00 4.00 1.00 2.00 3.00
1.00 4.00 0.00 1.00 7.00 1.00 3.00 1.00 1.00 2.00 0.00
0.00 2.00 1.00 3.00 1.00 4.00 4.00 1.00 2.00 3.00 1.00
3.00 2.00 2.00 1.00 1.00 3.00 4.00 1.00 2.00 2.00 4.00
3.00 0.00 1.00 4.00 1.00 1.00 0.00 5.00 3.00 0.00 2.00
0.00 1.00 1.00 2.00 4.00 1.00 1.00 3.00 3.00 4.00 2.00
0.00 1.00 0.00 3.00 1.00 1.00 5.00 2.00 5.00 2.00 3.00
0.00 0.00 0.00 0.00 0.00 0.00 0.00 0.00 0.00 0.00 0.00
9.00 3.00 5.00 3.00 3.00 2.00 0.00 2.00 1.00 0.00 2.00
4.00 4.00 6.00 0.00 0.00 0.00 5.00 0.00 1.00 1.00 2.00
1.00 1.00 2.00 5.00 3.00 0.00 0.00 4.00 5.00 1.00 0.00
2.00 4.00 1.00 1.00 6.00 3.00 0.00 2.00 2.00 1.00 1.00
1.00 6.00 2.00 0.00 0.00 10.00 3.00 2.00 1.00 7.00 5.00
5.00 1.00 2.00 1.00 0.00 2.00 7.00 4.00 0.00 2.00 2.00
1.00 2.00 5.00 4.00 1.00 1.00 2.00 8.00 1.00 0.00 2.00
3.00 1.00 1.00 2.00 0.00 1.00 0.00 0.00 6.00 4.00 2.00
1.00 2.00 1.00 0.00 1.00 3.00 3.00 2.00 2.00 6.00 8.00
0.00 0.00 0.00 0.00 0.00 0.00 0.00 0.00 0.00 0.00 0.00
3.00 4.00 2.00 2.00 3.00 0.00 1.00 3.00 1.00 1.00 1.00
3.00 3.00 7.00 2.00 2.00 5.00 1.00 2.00 0.00 0.00 1.00
0.00 3.00 0.00 4.00 4.00 2.00 1.00 4.00 2.00 0.00 3.00
0.00 5.00 1.00 4.00 11.00 3.00 0.00 0.00 2.00 3.00 3.00
1.00 3.00 0.00 0.00 3.00 6.00 3.00 2.00 0.00 1.00 2.00
2.00 1.00 3.00 0.00 1.00 4.00 5.00 5.00 1.00 3.00 2.00
1.00 1.00 1.00 2.00 2.00 0.00 3.00 6.00 1.00 1.00 3.00
1.00 1.00 0.00 5.00 1.00 1.00 2.00 1.00 7.00 3.00 6.00
1.00 1.00 2.00 0.00 0.00 0.00 6.00 0.00 3.00 4.00 6.00
0.00 0.00 0.00 0.00 0.00 0.00 0.00 0.00 0.00 0.00 0.00
4.00 3.00 3.00 4.00 0.00 1.00 1.00 3.00 0.00 1.00 0.00
1.00 4.00 6.00 1.00 2.00 2.00 4.00 0.00 1.00 1.00 1.00
2.00 1.00 1.00 9.00 1.00 1.00 0.00 4.00 1.00 3.00 1.00
1.00 2.00 1.00 2.00 7.00 3.00 1.00 0.00 3.00 2.00 3.00
1.00 3.00 1.00 1.00 1.00 10.00 1.00 1.00 3.00 0.00 0.00
1.00 3.00 0.00 0.00 1.00 3.00 7.00 3.00 0.00 0.00 4.00
5.00 1.00 2.00 1.00 1.00 0.00 2.00 6.00 1.00 0.00 6.00
2.00 0.00 2.00 2.00 2.00 4.00 1.00 3.00 2.00 4.00 4.00
0.00 2.00 0.00 1.00 2.00 2.00 5.00 2.00 6.00 6.00 3.00
0.00 0.00 0.00 0.00 0.00 0.00 0.00 0.00 0.00 0.00 0.00
8.00 5.00 5.00 7.00 0.00 1.00 2.00 3.00 1.00 1.00 0.00
6.00 2.00 7.00 1.00 1.00 1.00 4.00 2.00 0.00 0.00 3.00
3.00 2.00 0.00 7.00 1.00 0.00 1.00 3.00 2.00 1.00 2.00
2.00 5.00 2.00 2.00 4.00 6.00 0.00 0.00 3.00 2.00 2.00
3.00 3.00 2.00 0.00 2.00 5.00 2.00 3.00 0.00 4.00 3.00
2.00 1.00 2.00 2.00 2.00 2.00 5.00 0.00 3.00 2.00 4.00
2.00 1.00 2.00 2.00 0.00 2.00 2.00 8.00 2.00 0.00 3.00
1.00 0.00 3.00 3.00 2.00 1.00 2.00 3.00 7.00 4.00 2.00
0.00 1.00 0.00 1.00 2.00 2.00 1.00 3.00 1.00 4.00 5.00
0.00 0.00 0.00 0.00 0.00 0.00 0.00 0.00 0.00 0.00 0.00
11.00 2.00 5.00 5.00 3.00 1.00 0.00 1.00 2.00 1.00 1.00
2.00 6.00 3.00 3.00 1.00 3.00 1.00 4.00 0.00 0.00 0.00
4.00 2.00 1.00 4.00 2.00 2.00 0.00 2.00 4.00 2.00 2.00
2.00 3.00 1.00 2.00 2.00 2.00 0.00 1.00 4.00 2.00 0.00
1.00 1.00 1.00 1.00 6.00 10.00 3.00 0.00 0.00 3.00 1.00
0.00 2.00 2.00 1.00 2.00 2.00 4.00 2.00 2.00 1.00 2.00
0.00 0.00 5.00 3.00 1.00 0.00 1.00 5.00 1.00 3.00 2.00
4.00 0.00 0.00 2.00 4.00 1.00 0.00 2.00 7.00 5.00 7.00
2.00 1.00 1.00 1.00 3.00 4.00 2.00 1.00 1.00 1.00 3.00
0.00 0.00 0.00 0.00 0.00 0.00 0.00 0.00 0.00 0.00 0.00
8.00 5.00 4.00 2.00 1.00 0.00 0.00 3.00 1.00 1.00 0.00
2.00 9.00 4.00 1.00 4.00 0.00 0.00 2.00 0.00 0.00 0.00
3.00 2.00 1.00 9.00 2.00 1.00 0.00 3.00 4.00 2.00 3.00
1.00 1.00 1.00 2.00 4.00 1.00 0.00 0.00 2.00 6.00 1.00
2.00 2.00 1.00 1.00 3.00 7.00 0.00 0.00 0.00 5.00 1.00
1.00 0.00 0.00 1.00 0.00 2.00 6.00 3.00 0.00 0.00 1.00
3.00 2.00 0.00 3.00 0.00 0.00 2.00 8.00 2.00 1.00 4.00
0.00 1.00 0.00 5.00 2.00 2.00 0.00 3.00 7.00 6.00 3.00
1.00 2.00 1.00 1.00 0.00 3.00 2.00 1.00 3.00 5.00 2.00
0.00 0.00 0.00 0.00 0.00 0.00 0.00 0.00 0.00 0.00 0.00
8.00 2.00 2.00 2.00 4.00 0.00 1.00 1.00 2.00 1.00 0.00
3.00 3.00 3.00 1.00 2.00 1.00 7.00 4.00 0.00 0.00 0.00
4.00 2.00 1.00 3.00 1.00 0.00 0.00 2.00 4.00 1.00 2.00
0.00 4.00 1.00 1.00 6.00 1.00 0.00 2.00 2.00 2.00 2.00
0.00 5.00 4.00 0.00 1.00 9.00 2.00 0.00 1.00 3.00 2.00
1.00 2.00 1.00 0.00 2.00 2.00 7.00 3.00 1.00 1.00 3.00
2.00 0.00 5.00 0.00 0.00 0.00 3.00 8.00 3.00 0.00 2.00
2.00 1.00 0.00 0.00 2.00 1.00 0.00 5.00 8.00 3.00 4.00
2.00 2.00 0.00 1.00 1.00 3.00 1.00 4.00 2.00 3.00 4.00
0.00 0.00 0.00 0.00 0.00 0.00 0.00 0.00 0.00 0.00 0.00
8.00 6.00 4.00 2.00 2.00 1.00 3.00 0.00 1.00 0.00 0.00
4.00 5.00 3.00 1.00 2.00 4.00 3.00 1.00 0.00 2.00 1.00
6.00 1.00 0.00 2.00 1.00 2.00 0.00 7.00 3.00 4.00 0.00
2.00 0.00 1.00 3.00 9.00 1.00 0.00 0.00 3.00 4.00 1.00
0.00 5.00 2.00 1.00 5.00 5.00 2.00 1.00 2.00 6.00 2.00
0.00 0.00 1.00 3.00 1.00 3.00 6.00 3.00 0.00 1.00 4.00
3.00 0.00 1.00 3.00 2.00 0.00 3.00 8.00 1.00 0.00 4.00
0.00 0.00 2.00 4.00 1.00 0.00 1.00 1.00 8.00 6.00 1.00
1.00 1.00 1.00 0.00 1.00 1.00 2.00 1.00 1.00 2.00 6.00
0.00 0.00 0.00 0.00 0.00 0.00 0.00 0.00 0.00 0.00 0.00
4.00 5.00 2.00 5.00 2.00 3.00 0.00 0.00 1.00 0.00 1.00
1.00 6.00 2.00 1.00 0.00 3.00 1.00 3.00 2.00 1.00 2.00
3.00 2.00 2.00 9.00 4.00 1.00 0.00 2.00 5.00 0.00 2.00
3.00 5.00 0.00 1.00 9.00 1.00 0.00 1.00 4.00 0.00 1.00
0.00 3.00 2.00 2.00 1.00 6.00 4.00 0.00 0.00 0.00 0.00
1.00 1.00 5.00 2.00 0.00 6.00 4.00 1.00 0.00 0.00 2.00
0.00 1.00 4.00 2.00 2.00 0.00 4.00 9.00 1.00 1.00 2.00
0.00 2.00 1.00 4.00 1.00 1.00 2.00 2.00 6.00 1.00 3.00
0.00 2.00 1.00 0.00 1.00 1.00 3.00 5.00 3.00 5.00 4.00
0.00 0.00 0.00 0.00 0.00 0.00 0.00 0.00 0.00 0.00 0.00
9.00 4.00 2.00 2.00 1.00 1.00 1.00 0.00 1.00 0.00 0.00
5.00 1.00 5.00 1.00 1.00 1.00 2.00 1.00 0.00 2.00 1.00
4.00 1.00 0.00 6.00 0.00 1.00 0.00 3.00 0.00 1.00 1.00
1.00 4.00 0.00 5.00 3.00 2.00 1.00 0.00 4.00 3.00 0.00
1.00 2.00 2.00 1.00 4.00 9.00 3.00 0.00 1.00 2.00 0.00
1.00 0.00 2.00 1.00 1.00 2.00 11.00 3.00 1.00 3.00 8.00
2.00 3.00 3.00 4.00 0.00 1.00 2.00 5.00 0.00 0.00 2.00
3.00 0.00 1.00 1.00 2.00 1.00 1.00 0.00 5.00 2.00 5.00
0.00 0.00 0.00 2.00 0.00 4.00 4.00 2.00 1.00 3.00 7.00
0.00 0.00 0.00 0.00 0.00 0.00 0.00 0.00 0.00 0.00 0.00
3.00 4.00 3.00 6.00 0.00 0.00 0.00 3.00 3.00 1.00 0.00
2.00 3.00 8.00 1.00 2.00 4.00 0.00 2.00 1.00 2.00 0.00
2.00 0.00 1.00 10.00 0.00 1.00 0.00 7.00 5.00 0.00 0.00
3.00 3.00 0.00 6.00 3.00 2.00 0.00 0.00 0.00 2.00 2.00
0.00 5.00 0.00 1.00 2.00 9.00 2.00 0.00 2.00 3.00 0.00
0.00 1.00 7.00 1.00 2.00 2.00 5.00 1.00 2.00 2.00 3.00
4.00 0.00 0.00 2.00 1.00 0.00 3.00 5.00 2.00 2.00 1.00
1.00 0.00 1.00 6.00 1.00 0.00 0.00 2.00 4.00 6.00 3.00
1.00 1.00 3.00 2.00 0.00 1.00 0.00 3.00 0.00 4.00 6.00
0.00 0.00 0.00 0.00 0.00 0.00 0.00 0.00 0.00 0.00 0.00
7.00 10.00 2.00 6.00 2.00 2.00 1.00 3.00 0.00 3.00 2.00
5.00 5.00 8.00 2.00 2.00 3.00 1.00 0.00 0.00 0.00 1.00
1.00 3.00 0.00 6.00 2.00 0.00 0.00 3.00 2.00 1.00 1.00
1.00 1.00 0.00 4.00 6.00 5.00 0.00 1.00 2.00 3.00 2.00
0.00 2.00 3.00 2.00 1.00 8.00 5.00 0.00 3.00 3.00 1.00
1.00 0.00 2.00 0.00 0.00 5.00 8.00 5.00 0.00 2.00 4.00
0.00 0.00 2.00 3.00 1.00 1.00 3.00 5.00 2.00 3.00 5.00
0.00 0.00 1.00 3.00 2.00 0.00 2.00 3.00 2.00 5.00 6.00
0.00 0.00 3.00 1.00 1.00 2.00 3.00 0.00 2.00 11.00 5.00
0.00 0.00 0.00 0.00 0.00 0.00 0.00 0.00 0.00 0.00 0.00
12.00 3.00 6.00 2.00 0.00 2.00 1.00 1.00 2.00 1.00 1.00
5.00 10.00 0.00 0.00 2.00 1.00 3.00 0.00 2.00 3.00 1.00
4.00 0.00 0.00 2.00 1.00 0.00 1.00 4.00 3.00 1.00 2.00
0.00 1.00 0.00 2.00 8.00 2.00 1.00 2.00 2.00 0.00 1.00
0.00 3.00 1.00 0.00 2.00 4.00 5.00 1.00 2.00 0.00 1.00
0.00 3.00 2.00 0.00 1.00 5.00 2.00 1.00 2.00 1.00 2.00
1.00 1.00 0.00 1.00 1.00 3.00 3.00 8.00 1.00 1.00 5.00
2.00 0.00 1.00 3.00 1.00 1.00 1.00 3.00 16.00 2.00 4.00
0.00 0.00 3.00 1.00 0.00 3.00 4.00 1.00 3.00 3.00 9.00
0.00 0.00 0.00 0.00 0.00 0.00 0.00 0.00 0.00 0.00 0.00
5.00 1.00 2.00 6.00 0.00 1.00 3.00 1.00 1.00 0.00 0.00
1.00 4.00 3.00 3.00 1.00 1.00 4.00 3.00 0.00 1.00 0.00
3.00 0.00 4.00 5.00 1.00 0.00 1.00 1.00 2.00 0.00 0.00
2.00 2.00 1.00 3.00 6.00 3.00 0.00 2.00 0.00 2.00 2.00
2.00 2.00 0.00 3.00 4.00 8.00 1.00 0.00 0.00 3.00 4.00
0.00 2.00 3.00 1.00 0.00 0.00 3.00 3.00 0.00 2.00 6.00
2.00 0.00 0.00 1.00 2.00 1.00 0.00 13.00 0.00 2.00 3.00
0.00 2.00 0.00 2.00 2.00 1.00 0.00 1.00 6.00 4.00 2.00
0.00 0.00 1.00 1.00 2.00 5.00 6.00 0.00 3.00 5.00 9.00
0.00 0.00 0.00 0.00 0.00 0.00 0.00 0.00 0.00 0.00 0.00
7.00 6.00 2.00 4.00 0.00 0.00 1.00 3.00 1.00 1.00 0.00
1.00 4.00 5.00 1.00 0.00 6.00 1.00 3.00 1.00 0.00 1.00
2.00 1.00 3.00 8.00 2.00 1.00 2.00 0.00 1.00 1.00 1.00
2.00 2.00 2.00 3.00 4.00 1.00 1.00 1.00 1.00 3.00 1.00
1.00 5.00 1.00 2.00 1.00 6.00 2.00 1.00 2.00 3.00 1.00
0.00 2.00 6.00 1.00 0.00 1.00 3.00 3.00 0.00 2.00 4.00
3.00 1.00 2.00 4.00 1.00 1.00 3.00 9.00 0.00 2.00 4.00
3.00 0.00 0.00 3.00 2.00 0.00 2.00 4.00 6.00 4.00 6.00
3.00 2.00 1.00 1.00 1.00 1.00 3.00 2.00 3.00 5.00 8.00
0.00 0.00 0.00 0.00 0.00 0.00 0.00 0.00 0.00 0.00 0.00
4.00 6.00 3.00 1.00 4.00 4.00 1.00 2.00 0.00 1.00 0.00
2.00 2.00 5.00 1.00 0.00 7.00 3.00 1.00 2.00 1.00 0.00
8.00 3.00 1.00 7.00 1.00 1.00 0.00 2.00 0.00 3.00 2.00
3.00 0.00 1.00 3.00 3.00 4.00 0.00 0.00 4.00 1.00 2.00
0.00 1.00 3.00 0.00 2.00 7.00 3.00 0.00 2.00 1.00 3.00
1.00 3.00 2.00 1.00 0.00 4.00 11.00 4.00 0.00 0.00 2.00
1.00 0.00 4.00 3.00 0.00 0.00 1.00 11.00 1.00 3.00 3.00
0.00 2.00 1.00 3.00 3.00 1.00 2.00 4.00 11.00 3.00 3.00
2.00 2.00 1.00 2.00 1.00 5.00 3.00 1.00 2.00 9.00 2.00
0.00 0.00 0.00 0.00 0.00 0.00 0.00 0.00 0.00 0.00 0.00
11.00 2.00 2.00 1.00 1.00 0.00 1.00 2.00 0.00 0.00 0.00
0.00 3.00 11.00 1.00 1.00 2.00 1.00 2.00 1.00 1.00 2.00
2.00 1.00 1.00 6.00 2.00 0.00 1.00 1.00 2.00 2.00 2.00
1.00 2.00 0.00 4.00 7.00 4.00 1.00 0.00 1.00 4.00 1.00
2.00 3.00 3.00 0.00 1.00 6.00 3.00 0.00 2.00 2.00 3.00
1.00 1.00 1.00 1.00 0.00 3.00 9.00 2.00 2.00 2.00 2.00
2.00 0.00 2.00 1.00 1.00 1.00 3.00 11.00 1.00 0.00 1.00
0.00 0.00 2.00 4.00 0.00 0.00 1.00 1.00 5.00 6.00 6.00
1.00 0.00 3.00 2.00 2.00 5.00 1.00 0.00 2.00 6.00 5.00
0.00 0.00 0.00 0.00 0.00 0.00 0.00 0.00 0.00 0.00 0.00
9.00 0.00 3.00 2.00 3.00 2.00 1.00 1.00 0.00 0.00 1.00
2.00 6.00 5.00 1.00 3.00 6.00 3.00 2.00 1.00 1.00 2.00
2.00 1.00 2.00 9.00 2.00 1.00 2.00 2.00 5.00 1.00 0.00
1.00 2.00 2.00 3.00 6.00 4.00 0.00 1.00 1.00 1.00 0.00
2.00 4.00 1.00 2.00 1.00 9.00 2.00 2.00 0.00 2.00 1.00
0.00 2.00 2.00 1.00 1.00 2.00 5.00 5.00 1.00 1.00 2.00
3.00 0.00 1.00 4.00 0.00 1.00 1.00 7.00 2.00 5.00 2.00
2.00 1.00 1.00 7.00 1.00 1.00 0.00 3.00 7.00 4.00 5.00
2.00 0.00 0.00 2.00 0.00 2.00 8.00 2.00 5.00 5.00 9.00
0.00 0.00 0.00 0.00 0.00 0.00 0.00 0.00 0.00 0.00 0.00
